
$orca_hessian_file

$act_atom
  0

$act_coord
  0

$act_energy
        0.000000

$multiplicity
  1

$hessian
39
                    0                  1                  2                  3                  4        
    0      1.2723100510E-01   6.5427155608E-02   3.6676193928E-02  -3.0150613714E-03   1.4152643410E-03
    1      6.5427155608E-02   8.8339794990E-01   3.8470856833E-01   1.5727094840E-03   6.5210399496E-03
    2      3.6676193928E-02   3.8470856833E-01   2.0193339121E-01   1.5832162098E-03   3.3478740931E-04
    3     -3.0150613714E-03   1.5727094840E-03   1.5832162098E-03   5.6342552002E-01   2.8815883195E-01
    4      1.4152643410E-03   6.5210399496E-03   3.3478740931E-04   2.8815883195E-01   3.6318152121E-01
    5      1.5972280450E-03  -6.9121057169E-04   6.5908116782E-04   1.1412477609E-01  -1.5649069338E-01
    6     -1.4638849877E-03   4.3232720570E-03   1.7999973499E-03   4.1931442534E-02   1.3005138319E-02
    7      1.6095454573E-03   3.5293145907E-03   1.5678339175E-03   2.2004107756E-02  -6.4960709157E-04
    8      4.2145002646E-04   2.6448107359E-03   3.3559196331E-03  -2.4823028258E-02   6.5544239322E-02
    9     -2.8738631841E-03  -5.6608587414E-03  -2.7178573219E-03  -1.9495854779E-03  -2.1293072447E-03
   10     -8.4240402895E-03   1.0028186049E-02   4.1131634772E-03   6.2900068467E-04   1.0267308166E-03
   11     -3.9572060698E-03   4.3270002184E-03   9.3341237283E-04   7.4499813165E-05  -4.3826849585E-05
   12     -1.0882817181E-02  -1.3545092823E-02  -6.6981896600E-03  -1.6748158947E-03  -1.0669175054E-03
   13     -1.5563963840E-02  -7.5278413044E-03  -2.8176979249E-03  -8.8934060719E-05   5.2949247038E-04
   14     -7.7601953982E-03  -2.6471133516E-03  -5.8345050947E-03  -3.9142157547E-04  -2.1398589249E-04
   15      1.9496608303E-02   8.7208751465E-03   3.0959515210E-03  -1.1113021231E-02  -1.7496114708E-02
   16      3.4740262105E-02  -3.8071935177E-02  -2.4071977667E-02  -3.6517684186E-02  -1.1347679590E-02
   17      1.5205692062E-02  -2.7001944813E-02   1.6127515282E-02   2.7445229807E-02   2.3359510805E-02
   18     -1.3721097658E-01  -5.8112589583E-02  -3.1309584427E-02   4.0604540071E-03   1.4677376117E-03
   19     -4.9167596984E-02  -8.0423994407E-01  -3.3077462974E-01  -3.0244284014E-03  -1.1471254926E-02
   20     -2.7935484903E-02  -3.3157848082E-01  -2.1841417533E-01   1.9593250284E-04  -2.5834009909E-03
   21      7.6779473480E-03  -1.0825795447E-02  -4.1154713352E-03  -1.6429567374E-01  -6.7783295405E-02
   22     -4.8944688121E-03  -1.1544456573E-02  -2.0666455034E-03  -8.4660004649E-02  -2.1544111153E-01
   23     -8.3937808298E-04  -1.4639392306E-03  -5.3997751406E-03   3.7874938303E-02   1.3144731596E-01
   24      6.8259604550E-03   3.7653786490E-03   1.1115121918E-04   2.2302618078E-03   1.1744228824E-03
   25     -3.0650690902E-02  -3.3918525755E-02  -3.0002745800E-02  -5.9628994175E-05   9.9474735131E-05
   26     -1.4873152388E-02  -2.7181994269E-02   1.4138878164E-02   4.7789180378E-05   7.3820898350E-04
   27     -4.9520020842E-03   6.3729870301E-03  -1.7781608900E-03   2.5484480018E-05   8.7237632677E-04
   28      4.7205991912E-03  -3.6062500371E-03   1.6810527885E-03   1.6748438422E-05   1.4825690021E-04
   29      1.0784068492E-03   6.6530389680E-04  -3.6090503790E-05   1.3412548496E-03   7.0525674593E-04
   30     -4.2366262527E-03   2.4689482667E-03   4.9713780995E-03  -8.1007506011E-03  -4.5244853757E-03
   31      3.7759845948E-03  -2.1615114017E-04  -2.4316882628E-03  -3.2669373153E-03  -1.0143937232E-03
   32      1.7153191188E-03  -1.1085146913E-03  -2.6432345938E-03  -1.3034169125E-03  -3.0160665176E-04
   33      2.7445790888E-03  -5.0930259376E-03  -1.7346335524E-03   6.5088782515E-04   2.5847589247E-04
   34     -3.4167710415E-03  -3.8129620377E-03  -6.8728937127E-05  -3.8958507989E-04  -5.8086056156E-04
   35     -1.0186462487E-03  -2.0250281572E-04  -4.4838449066E-03  -6.9908658163E-05   9.0754289655E-05
   36      6.5913133984E-04   5.8897003149E-04   1.1744554509E-04  -4.2217514236E-01  -2.1334386741E-01
   37      4.2578683218E-04  -5.3842439036E-04  -1.7366484307E-04  -1.8438245531E-01  -1.3100160865E-01
   38     -3.1166362635E-04  -4.6760986579E-04  -3.3657225697E-04  -1.5609910043E-01  -6.2584482910E-02
                    5                  6                  7                  8                  9        
    0      1.5972280450E-03  -1.4638849877E-03   1.6095454573E-03   4.2145002646E-04  -2.8738631841E-03
    1     -6.9121057169E-04   4.3232720570E-03   3.5293145907E-03   2.6448107359E-03  -5.6608587414E-03
    2      6.5908116782E-04   1.7999973499E-03   1.5678339175E-03   3.3559196331E-03  -2.7178573219E-03
    3      1.1412477609E-01   4.1931442534E-02   2.2004107756E-02  -2.4823028258E-02  -1.9495854779E-03
    4     -1.5649069338E-01   1.3005138319E-02  -6.4960709157E-04   6.5544239322E-02  -2.1293072447E-03
    5      3.9733096209E-01  -1.3930157563E-02   7.3619675660E-02  -8.4344207888E-02   7.5148091038E-04
    6     -1.3930157563E-02   3.9910071449E-01  -7.3809597992E-02   4.4883407407E-01  -3.2872457845E-03
    7      7.3619675660E-02  -7.3809597992E-02   1.1375775256E-01  -1.7953235507E-01  -1.5317204599E-03
    8     -8.4344207888E-02   4.4883407407E-01  -1.7953235507E-01   7.1852244150E-01  -2.4229672931E-03
    9      7.5148091038E-04  -3.2872457845E-03  -1.5317204599E-03  -2.4229672931E-03   4.9335185025E-01
   10     -2.8765886589E-04   9.5263302611E-04   4.8925391845E-04   3.8021026448E-04  -8.5710167048E-03
   11      2.7763077208E-04   2.0763746214E-04  -4.5075171023E-05   3.5089559309E-04   3.2565780578E-02
   12      6.3250686589E-04  -2.3366563269E-03  -2.7844917248E-04  -1.1227692158E-03   2.9952891866E-02
   13      3.5161125031E-05  -3.6892671771E-04  -3.9092619979E-07  -6.1252628707E-04   3.5790891567E-02
   14      4.4904157648E-04  -1.3082099493E-04  -2.5944098287E-04   8.4192003368E-05   1.7219297402E-02
   15     -3.1923683232E-03  -1.8534344609E-02  -1.6758636007E-02  -2.5107426506E-02  -8.7900223900E-03
   16      2.3940399689E-03   3.3431738031E-03   2.3400185434E-02   1.0933928123E-02  -7.3778258634E-03
   17      7.8189679753E-03  -4.9040842420E-02  -5.2363273309E-03  -4.2478265755E-03  -2.8587984972E-03
   18     -1.4762728150E-03   3.7098430019E-03  -3.8530073883E-03  -7.4234957472E-04  -3.9564705242E-02
   19      5.2781514371E-04  -8.2998205268E-03  -8.5616575631E-03  -9.3985136870E-03   3.7112544376E-02
   20     -4.7810086918E-04  -3.8652649182E-03  -5.4742024510E-03  -5.4561053753E-03   1.1457940653E-02
   21      1.4450871783E-02  -4.1276586397E-01   6.2250932960E-02  -3.9130855281E-01   4.3128189869E-03
   22      1.1089258226E-01   5.5314070259E-02  -1.3832881291E-01   1.1635995103E-01   6.0376031332E-03
   23     -2.2969032490E-01  -3.7949764876E-01   1.2246806446E-01  -6.2725359942E-01   2.1331903970E-03
   24     -7.0614235870E-04   2.5457782654E-03   2.2647045230E-04   1.1700069050E-03  -3.3083588185E-01
   25      1.7995732435E-04   7.7407177581E-04   1.1001067364E-03   2.3395250034E-03   8.2272685275E-02
   26     -9.4919830308E-04   7.8133774723E-04   1.2603357121E-03   1.3869604188E-04   1.5364445892E-02
   27      2.7342302986E-03  -1.0012738460E-02  -5.9726600184E-04  -9.3368091981E-05   7.0582905633E-04
   28      1.3422182641E-03  -3.1271028668E-03   3.7443440988E-04  -4.3901454894E-04  -2.5176602212E-05
   29      1.0695163278E-03  -9.9955501819E-04  -1.6582921683E-03   7.6525020261E-04  -7.5644736333E-05
   30     -1.4349661623E-03   1.7627109219E-03   3.4450516291E-03  -3.0947886970E-04   2.8413741165E-04
   31     -8.1421160206E-04   1.5793341530E-03   2.5986848519E-03  -1.4375477417E-03   7.6248680470E-05
   32      8.2867255366E-04   2.9296705845E-04  -2.7763726061E-04   4.8198975071E-04   1.2244442020E-04
   33     -2.4469056278E-04   8.4196112348E-04   1.5444832589E-04   4.6919260019E-04  -1.4167628661E-01
   34      2.2864396731E-04  -5.8192883553E-04  -3.6357721677E-04  -3.0344553850E-04  -1.3625223172E-01
   35     -2.2568484751E-04  -2.5474671022E-04  -2.7487531357E-05  -4.5657397407E-04  -7.1375570101E-02
   36     -1.1330725714E-01  -1.4917161953E-03   7.1379066969E-03  -4.9670173570E-03   3.7006296405E-04
   37     -3.0938396135E-02   6.8958972904E-03   2.6543132045E-03  -6.4776918559E-03   2.5733460519E-04
   38     -9.2746355658E-02  -4.1947429139E-03  -6.4066615321E-03  -1.9410714951E-03  -1.6547955610E-04
                   10                 11                 12                 13                 14        
    0     -8.4240402895E-03  -3.9572060698E-03  -1.0882817181E-02  -1.5563963840E-02  -7.7601953982E-03
    1      1.0028186049E-02   4.3270002184E-03  -1.3545092823E-02  -7.5278413044E-03  -2.6471133516E-03
    2      4.1131634772E-03   9.3341237283E-04  -6.6981896600E-03  -2.8176979249E-03  -5.8345050947E-03
    3      6.2900068467E-04   7.4499813165E-05  -1.6748158947E-03  -8.8934060719E-05  -3.9142157547E-04
    4      1.0267308166E-03  -4.3826849585E-05  -1.0669175054E-03   5.2949247038E-04  -2.1398589249E-04
    5     -2.8765886589E-04   2.7763077208E-04   6.3250686589E-04   3.5161125031E-05   4.4904157648E-04
    6      9.5263302611E-04   2.0763746214E-04  -2.3366563269E-03  -3.6892671771E-04  -1.3082099493E-04
    7      4.8925391845E-04  -4.5075171023E-05  -2.7844917248E-04  -3.9092619979E-07  -2.5944098287E-04
    8      3.8021026448E-04   3.5089559309E-04  -1.1227692158E-03  -6.1252628707E-04   8.4192003368E-05
    9     -8.5710167048E-03   3.2565780578E-02   2.9952891866E-02   3.5790891567E-02   1.7219297402E-02
   10      6.7273462154E-01   2.8549238600E-01   5.7285634580E-02  -8.4026118542E-02  -4.0719901326E-02
   11      2.8549238600E-01   1.6745862938E-01   2.6871662951E-02  -4.2332920435E-02  -5.0294821077E-04
   12      5.7285634580E-02   2.6871662951E-02   1.3439180084E-01   1.0857457168E-01   5.6804007183E-02
   13     -8.4026118542E-02  -4.2332920435E-02   1.0857457168E-01   8.9371209111E-01   3.9643593086E-01
   14     -4.0719901326E-02  -5.0294821077E-04   5.6804007183E-02   3.9643593086E-01   2.1642362161E-01
   15     -2.9932896786E-05  -4.4738062424E-04  -2.3700924779E-03  -1.9785236899E-03  -3.2060920240E-04
   16      8.6216658080E-04   4.6290409887E-04   1.2618761367E-03  -1.1759130445E-03   2.1342027785E-03
   17      8.4122238872E-04  -1.5517485404E-03   1.2870423411E-03   1.9326561489E-03  -4.8926294946E-03
   18     -2.1702734563E-03  -5.9982507850E-03   1.5663479034E-02   4.0711965851E-03   1.0571618073E-03
   19     -3.0662262972E-03  -8.9402529422E-03  -3.2649042713E-02  -2.3398138435E-02  -2.6465509191E-02
   20     -1.2095497825E-02   1.8981444913E-02  -1.5542378591E-02  -2.3531038269E-02   1.7413327735E-02
   21     -1.6902463885E-03  -4.3744271877E-04   5.0305997760E-03   4.3703160908E-04   5.4828490914E-04
   22     -1.2092571086E-03   3.9119972658E-04   5.9899398572E-04   1.2331740128E-03   8.5722866199E-04
   23      1.5577429262E-04  -5.1449607701E-04   1.5867004569E-04   1.2244293878E-03  -5.7554175558E-06
   24      1.5179164588E-01   4.6455509456E-02  -1.5546231179E-01  -1.3808666777E-01  -6.8498139847E-02
   25     -2.0656435313E-01  -5.9768459979E-02  -1.2234233496E-01  -7.8397267871E-01  -3.2798381637E-01
   26     -5.4221504858E-02  -8.2249277130E-02  -6.1327884068E-02  -3.2938467153E-01  -2.3130787654E-01
   27     -1.1711088911E-03   3.3621750673E-05  -1.3077887572E-03  -1.5546921623E-03  -4.5963935147E-04
   28     -2.7664008623E-05  -1.5563602396E-04  -3.5957216144E-04  -1.3245508944E-05  -1.6775371987E-04
   29      5.8865382130E-04   3.3488133409E-04  -1.8944187279E-03   1.1031062552E-03   9.7496699793E-04
   30     -5.3552317920E-04  -6.8443058108E-04  -8.9758007615E-04  -9.4616387823E-04  -1.0358622951E-03
   31      2.2430999466E-04   2.0099059657E-04  -8.7156107646E-04   6.2652623947E-04   1.4553970985E-04
   32     -5.1853298929E-04  -1.0063868085E-04   8.6171499144E-04  -1.1955854920E-03   4.3359988063E-04
   33     -1.8810174034E-01  -9.4701562773E-02  -1.0375443512E-02   9.3860815173E-03   2.8403016987E-03
   34     -3.9028747756E-01  -1.7956185648E-01   3.2007641415E-03   4.1146374824E-03  -1.0939133344E-03
   35     -1.8368339540E-01  -1.0333736207E-01   6.1468530181E-05  -6.0379921421E-04   6.8757999150E-03
   36      3.5797678151E-05   1.9298793240E-05   2.6873450437E-04   3.2842058240E-04   1.2633747918E-04
   37     -1.8417225695E-04  -2.4508309878E-05   1.9080847514E-04  -1.0159484769E-04  -2.7930177652E-05
   38     -4.6863423905E-05  -8.0423659370E-05  -9.0134459393E-05  -2.4658229344E-04  -1.1083496604E-04
                   15                 16                 17                 18                 19        
    0      1.9496608303E-02   3.4740262105E-02   1.5205692062E-02  -1.3721097658E-01  -4.9167596984E-02
    1      8.7208751465E-03  -3.8071935177E-02  -2.7001944813E-02  -5.8112589583E-02  -8.0423994407E-01
    2      3.0959515210E-03  -2.4071977667E-02   1.6127515282E-02  -3.1309584427E-02  -3.3077462974E-01
    3     -1.1113021231E-02  -3.6517684186E-02   2.7445229807E-02   4.0604540071E-03  -3.0244284014E-03
    4     -1.7496114708E-02  -1.1347679590E-02   2.3359510805E-02   1.4677376117E-03  -1.1471254926E-02
    5     -3.1923683232E-03   2.3940399689E-03   7.8189679753E-03  -1.4762728150E-03   5.2781514371E-04
    6     -1.8534344609E-02   3.3431738031E-03  -4.9040842420E-02   3.7098430019E-03  -8.2998205268E-03
    7     -1.6758636007E-02   2.3400185434E-02  -5.2363273309E-03  -3.8530073883E-03  -8.5616575631E-03
    8     -2.5107426506E-02   1.0933928123E-02  -4.2478265755E-03  -7.4234957472E-04  -9.3985136870E-03
    9     -8.7900223900E-03  -7.3778258634E-03  -2.8587984972E-03  -3.9564705242E-02   3.7112544376E-02
   10     -2.9932896786E-05   8.6216658080E-04   8.4122238872E-04  -2.1702734563E-03  -3.0662262972E-03
   11     -4.4738062424E-04   4.6290409887E-04  -1.5517485404E-03  -5.9982507850E-03  -8.9402529422E-03
   12     -2.3700924779E-03   1.2618761367E-03   1.2870423411E-03   1.5663479034E-02  -3.2649042713E-02
   13     -1.9785236899E-03  -1.1759130445E-03   1.9326561489E-03   4.0711965851E-03  -2.3398138435E-02
   14     -3.2060920240E-04   2.1342027785E-03  -4.8926294946E-03   1.0571618073E-03  -2.6465509191E-02
   15      5.7412084694E-01   4.3784747084E-02   1.3785898108E-02  -2.0800803475E-01   4.4994948171E-02
   16      4.3784747084E-02   6.1726206484E-01  -2.6678909444E-02   5.0084261728E-02  -1.2892701145E-01
   17      1.3785898108E-02  -2.6678909444E-02   6.5555227776E-01   1.6527319342E-02  -8.1228576163E-03
   18     -2.0800803475E-01   5.0084261728E-02   1.6527319342E-02   6.1465446689E-01  -4.8606179707E-03
   19      4.4994948171E-02  -1.2892701145E-01  -8.1228576163E-03  -4.8606179707E-03   1.0561595400E+00
   20      1.1934759746E-02  -8.8572808615E-03  -9.9111999917E-02   3.0297900226E-02   3.6567804041E-01
   21     -2.0578349854E-01  -5.6247009926E-02  -1.5834388946E-02  -4.3105482597E-02   1.0385058199E-03
   22     -5.3221058379E-02  -1.4468498415E-01  -1.9342763047E-02   2.5328950219E-02   3.8176669552E-02
   23     -8.4648381800E-03  -1.5205724256E-02  -1.0934029996E-01   6.0366077718E-03   1.3116193101E-02
   24     -1.6902477411E-02  -7.4337333754E-03  -6.2598316890E-03  -2.2231273241E-01  -2.1966753977E-02
   25      2.4140201468E-02   1.6847199675E-02  -2.0732024204E-03  -6.9900176333E-03  -8.8375678625E-02
   26      6.1857159044E-03  -3.4142896886E-03   2.0979657563E-02  -1.1868779673E-02   1.3237056497E-02
   27     -6.2438888726E-02  -7.7920772314E-03  -8.5801557602E-03   8.9648774217E-03   4.1430598488E-03
   28     -5.8350171111E-03  -7.8062979194E-02  -8.3295086103E-02  -2.6676580132E-03  -8.7263833928E-03
   29     -1.1291953735E-02  -8.2663140742E-02  -3.2735492695E-01  -1.0058372936E-04  -2.1438603034E-03
   30     -6.3428745699E-02  -1.4258243405E-02   7.5703748191E-03   9.4065375016E-03   2.2647869989E-02
   31     -2.3012860568E-02  -2.5501666924E-01   1.4078758844E-01  -2.6717245126E-03  -2.0754410304E-02
   32      1.4771787043E-02   1.4065019465E-01  -1.5149720973E-01  -2.2339687504E-03  -9.0139398256E-03
   33      3.7564272632E-04  -1.0396187346E-03  -4.3541728612E-04  -6.3576158895E-03   1.0262639239E-02
   34     -1.4798164239E-03  -1.2386286202E-03  -8.3235238513E-04   1.8895381189E-03   3.2807275858E-03
   35     -7.3474064265E-04  -1.0193060585E-03   4.6567756678E-04   2.7591375874E-04   1.9449592398E-03
   36      3.3760278582E-03  -2.5471918888E-03   1.1835275836E-03   9.9889606482E-05  -2.3834816226E-04
   37     -1.8297483323E-03   1.5418392728E-04   5.6629063914E-03  -1.5087544122E-03  -9.6232071762E-05
   38     -2.1044457460E-04   5.3349180834E-03  -2.9474549761E-03  -4.6894046853E-04   3.5403547396E-04
                   20                 21                 22                 23                 24        
    0     -2.7935484903E-02   7.6779473480E-03  -4.8944688121E-03  -8.3937808298E-04   6.8259604550E-03
    1     -3.3157848082E-01  -1.0825795447E-02  -1.1544456573E-02  -1.4639392306E-03   3.7653786490E-03
    2     -2.1841417533E-01  -4.1154713352E-03  -2.0666455034E-03  -5.3997751406E-03   1.1115121918E-04
    3      1.9593250284E-04  -1.6429567374E-01  -8.4660004649E-02   3.7874938303E-02   2.2302618078E-03
    4     -2.5834009909E-03  -6.7783295405E-02  -2.1544111153E-01   1.3144731596E-01   1.1744228824E-03
    5     -4.7810086918E-04   1.4450871783E-02   1.1089258226E-01  -2.2969032490E-01  -7.0614235870E-04
    6     -3.8652649182E-03  -4.1276586397E-01   5.5314070259E-02  -3.7949764876E-01   2.5457782654E-03
    7     -5.4742024510E-03   6.2250932960E-02  -1.3832881291E-01   1.2246806446E-01   2.2647045230E-04
    8     -5.4561053753E-03  -3.9130855281E-01   1.1635995103E-01  -6.2725359942E-01   1.1700069050E-03
    9      1.1457940653E-02   4.3128189869E-03   6.0376031332E-03   2.1331903970E-03  -3.3083588185E-01
   10     -1.2095497825E-02  -1.6902463885E-03  -1.2092571086E-03   1.5577429262E-04   1.5179164588E-01
   11      1.8981444913E-02  -4.3744271877E-04   3.9119972658E-04  -5.1449607701E-04   4.6455509456E-02
   12     -1.5542378591E-02   5.0305997760E-03   5.9899398572E-04   1.5867004569E-04  -1.5546231179E-01
   13     -2.3531038269E-02   4.3703160908E-04   1.2331740128E-03   1.2244293878E-03  -1.3808666777E-01
   14      1.7413327735E-02   5.4828490914E-04   8.5722866199E-04  -5.7554175558E-06  -6.8498139847E-02
   15      1.1934759746E-02  -2.0578349854E-01  -5.3221058379E-02  -8.4648381800E-03  -1.6902477411E-02
   16     -8.8572808615E-03  -5.6247009926E-02  -1.4468498415E-01  -1.5205724256E-02  -7.4337333754E-03
   17     -9.9111999917E-02  -1.5834388946E-02  -1.9342763047E-02  -1.0934029996E-01  -6.2598316890E-03
   18      3.0297900226E-02  -4.3105482597E-02   2.5328950219E-02   6.0366077718E-03  -2.2231273241E-01
   19      3.6567804041E-01   1.0385058199E-03   3.8176669552E-02   1.3116193101E-02  -2.1966753977E-02
   20      3.9496632258E-01  -2.6197290018E-03   1.4891793028E-02   4.9361861317E-03  -1.8161881694E-02
   21     -2.6197290018E-03   8.2276920428E-01   1.0617619430E-01   3.5565430356E-01  -5.8649784246E-03
   22      1.4891793028E-02   1.0617619430E-01   5.1281638541E-01  -2.3352845769E-01   5.9399338297E-04
   23      4.9361861317E-03   3.5565430356E-01  -2.3352845769E-01   9.4871308865E-01  -5.5660249997E-04
   24     -1.8161881694E-02  -5.8649784246E-03   5.9399338297E-04  -5.5660249997E-04   6.9143694866E-01
   25      1.4843442757E-02   1.9810139623E-03  -7.3163530629E-03  -4.9141017518E-03   1.6626844961E-02
   26     -1.1646908610E-01   4.5774387537E-04  -4.6892603812E-03   2.0298266788E-03   4.6385124711E-02
   27      3.1948223998E-02   6.7249406812E-03  -7.5257941816E-03  -3.6822229007E-02  -5.8760420287E-04
   28     -2.5568286386E-02   4.2245552233E-03  -3.7401155434E-03  -1.6339743920E-02  -1.8686644563E-04
   29     -4.7083052843E-03  -8.7170454226E-04   1.8424667103E-03  -5.0401727228E-03   4.8639403387E-04
   30     -2.1477398872E-02   1.5351776872E-03  -2.8582860623E-02   2.3235439853E-02  -8.8126274363E-04
   31      1.2698790130E-02   2.3901136985E-03  -1.2277957532E-02   1.1573427231E-02   7.3545030613E-04
   32      6.5073335054E-03   3.5116590816E-04  -8.3468948505E-03   3.6968158585E-03  -4.2972534791E-04
   33      4.0056199836E-03  -1.7116167441E-03  -5.0580009832E-04  -3.6748356045E-04   3.0284649211E-02
   34      1.2473063833E-03   8.2260724907E-04   1.2667042037E-03   1.3577568440E-04  -6.8852566861E-03
   35      1.6479348225E-03   2.3229761689E-04   1.1602544250E-04   6.7666183693E-04  -2.3482691969E-04
   36     -2.3441181191E-04  -1.4523574742E-02  -1.4659322271E-02   1.4566292834E-03  -4.7634957085E-04
   37      3.3027833738E-04  -4.2775103914E-02  -1.8949884762E-02  -8.6714223950E-03  -3.5719882016E-04
   38      1.8522318977E-04   4.3491022578E-02   2.2625183746E-02   1.7191844481E-02   2.3494862559E-04
                   25                 26                 27                 28                 29        
    0     -3.0650690902E-02  -1.4873152388E-02  -4.9520020842E-03   4.7205991912E-03   1.0784068492E-03
    1     -3.3918525755E-02  -2.7181994269E-02   6.3729870301E-03  -3.6062500371E-03   6.6530389680E-04
    2     -3.0002745800E-02   1.4138878164E-02  -1.7781608900E-03   1.6810527885E-03  -3.6090503790E-05
    3     -5.9628994175E-05   4.7789180378E-05   2.5484480018E-05   1.6748438422E-05   1.3412548496E-03
    4      9.9474735131E-05   7.3820898350E-04   8.7237632677E-04   1.4825690021E-04   7.0525674593E-04
    5      1.7995732435E-04  -9.4919830308E-04   2.7342302986E-03   1.3422182641E-03   1.0695163278E-03
    6      7.7407177581E-04   7.8133774723E-04  -1.0012738460E-02  -3.1271028668E-03  -9.9955501819E-04
    7      1.1001067364E-03   1.2603357121E-03  -5.9726600184E-04   3.7443440988E-04  -1.6582921683E-03
    8      2.3395250034E-03   1.3869604188E-04  -9.3368091981E-05  -4.3901454894E-04   7.6525020261E-04
    9      8.2272685275E-02   1.5364445892E-02   7.0582905633E-04  -2.5176602212E-05  -7.5644736333E-05
   10     -2.0656435313E-01  -5.4221504858E-02  -1.1711088911E-03  -2.7664008623E-05   5.8865382130E-04
   11     -5.9768459979E-02  -8.2249277130E-02   3.3621750673E-05  -1.5563602396E-04   3.3488133409E-04
   12     -1.2234233496E-01  -6.1327884068E-02  -1.3077887572E-03  -3.5957216144E-04  -1.8944187279E-03
   13     -7.8397267871E-01  -3.2938467153E-01  -1.5546921623E-03  -1.3245508944E-05   1.1031062552E-03
   14     -3.2798381637E-01  -2.3130787654E-01  -4.5963935147E-04  -1.6775371987E-04   9.7496699793E-04
   15      2.4140201468E-02   6.1857159044E-03  -6.2438888726E-02  -5.8350171111E-03  -1.1291953735E-02
   16      1.6847199675E-02  -3.4142896886E-03  -7.7920772314E-03  -7.8062979194E-02  -8.2663140742E-02
   17     -2.0732024204E-03   2.0979657563E-02  -8.5801557602E-03  -8.3295086103E-02  -3.2735492695E-01
   18     -6.9900176333E-03  -1.1868779673E-02   8.9648774217E-03  -2.6676580132E-03  -1.0058372936E-04
   19     -8.8375678625E-02   1.3237056497E-02   4.1430598488E-03  -8.7263833928E-03  -2.1438603034E-03
   20      1.4843442757E-02  -1.1646908610E-01   3.1948223998E-02  -2.5568286386E-02  -4.7083052843E-03
   21      1.9810139623E-03   4.5774387537E-04   6.7249406812E-03   4.2245552233E-03  -8.7170454226E-04
   22     -7.3163530629E-03  -4.6892603812E-03  -7.5257941816E-03  -3.7401155434E-03   1.8424667103E-03
   23     -4.9141017518E-03   2.0298266788E-03  -3.6822229007E-02  -1.6339743920E-02  -5.0401727228E-03
   24      1.6626844961E-02   4.6385124711E-02  -5.8760420287E-04  -1.8686644563E-04   4.8639403387E-04
   25      1.1413513904E+00   4.1929753206E-01   2.5913239938E-03  -4.4958112382E-04  -2.3978298650E-03
   26      4.1929753206E-01   4.0615453626E-01  -1.9038531570E-03   2.1008652813E-03  -7.8270695420E-04
   27      2.5913239938E-03  -1.9038531570E-03   6.2003315883E-02   3.6039968556E-03   1.3088720637E-02
   28     -4.4958112382E-04   2.1008652813E-03   3.6039968556E-03   8.1515838754E-02   9.0520473443E-02
   29     -2.3978298650E-03  -7.8270695420E-04   1.3088720637E-02   9.0520473443E-02   3.5220822241E-01
   30     -2.5401544030E-04   3.4902938796E-03   3.7428764905E-04  -1.8543665660E-04  -2.6701994726E-04
   31     -4.3422896631E-04  -2.3584206619E-03   9.2095605877E-05   1.2400513902E-02  -6.5524242510E-03
   32      2.3670533288E-03  -5.2810062440E-04   1.7398857788E-03   3.0107699969E-02  -1.7707167015E-02
   33      3.2336835859E-02   1.7408167148E-02   4.7308105763E-04  -1.1327995282E-04  -1.1919783829E-04
   34     -3.8661616633E-02  -1.5344935465E-02   2.4578394833E-04  -9.5354599133E-05  -5.7454303920E-05
   35     -1.2216466894E-02  -1.1355645857E-02   9.6490893553E-05   2.1496748876E-05  -3.3155648880E-05
   36     -4.2401879658E-04  -1.4293364531E-04   2.7206001199E-05  -6.6447939384E-05  -3.7439937581E-04
   37      2.9484442143E-04  -2.8600884575E-05   7.1997289973E-04   2.8252944213E-04   4.6606889528E-05
   38      3.1879180776E-04   2.0029679695E-04  -4.0658172846E-06   1.9284808074E-04   3.0968780689E-04
                   30                 31                 32                 33                 34        
    0     -4.2366262527E-03   3.7759845948E-03   1.7153191188E-03   2.7445790888E-03  -3.4167710415E-03
    1      2.4689482667E-03  -2.1615114017E-04  -1.1085146913E-03  -5.0930259376E-03  -3.8129620377E-03
    2      4.9713780995E-03  -2.4316882628E-03  -2.6432345938E-03  -1.7346335524E-03  -6.8728937127E-05
    3     -8.1007506011E-03  -3.2669373153E-03  -1.3034169125E-03   6.5088782515E-04  -3.8958507989E-04
    4     -4.5244853757E-03  -1.0143937232E-03  -3.0160665176E-04   2.5847589247E-04  -5.8086056156E-04
    5     -1.4349661623E-03  -8.1421160206E-04   8.2867255366E-04  -2.4469056278E-04   2.2864396731E-04
    6      1.7627109219E-03   1.5793341530E-03   2.9296705845E-04   8.4196112348E-04  -5.8192883553E-04
    7      3.4450516291E-03   2.5986848519E-03  -2.7763726061E-04   1.5444832589E-04  -3.6357721677E-04
    8     -3.0947886970E-04  -1.4375477417E-03   4.8198975071E-04   4.6919260019E-04  -3.0344553850E-04
    9      2.8413741165E-04   7.6248680470E-05   1.2244442020E-04  -1.4167628661E-01  -1.3625223172E-01
   10     -5.3552317920E-04   2.2430999466E-04  -5.1853298929E-04  -1.8810174034E-01  -3.9028747756E-01
   11     -6.8443058108E-04   2.0099059657E-04  -1.0063868085E-04  -9.4701562773E-02  -1.7956185648E-01
   12     -8.9758007615E-04  -8.7156107646E-04   8.6171499144E-04  -1.0375443512E-02   3.2007641415E-03
   13     -9.4616387823E-04   6.2652623947E-04  -1.1955854920E-03   9.3860815173E-03   4.1146374824E-03
   14     -1.0358622951E-03   1.4553970985E-04   4.3359988063E-04   2.8403016987E-03  -1.0939133344E-03
   15     -6.3428745699E-02  -2.3012860568E-02   1.4771787043E-02   3.7564272632E-04  -1.4798164239E-03
   16     -1.4258243405E-02  -2.5501666924E-01   1.4065019465E-01  -1.0396187346E-03  -1.2386286202E-03
   17      7.5703748191E-03   1.4078758844E-01  -1.5149720973E-01  -4.3541728612E-04  -8.3235238513E-04
   18      9.4065375016E-03  -2.6717245126E-03  -2.2339687504E-03  -6.3576158895E-03   1.8895381189E-03
   19      2.2647869989E-02  -2.0754410304E-02  -9.0139398256E-03   1.0262639239E-02   3.2807275858E-03
   20     -2.1477398872E-02   1.2698790130E-02   6.5073335054E-03   4.0056199836E-03   1.2473063833E-03
   21      1.5351776872E-03   2.3901136985E-03   3.5116590816E-04  -1.7116167441E-03   8.2260724907E-04
   22     -2.8582860623E-02  -1.2277957532E-02  -8.3468948505E-03  -5.0580009832E-04   1.2667042037E-03
   23      2.3235439853E-02   1.1573427231E-02   3.6968158585E-03  -3.6748356045E-04   1.3577568440E-04
   24     -8.8126274363E-04   7.3545030613E-04  -4.2972534791E-04   3.0284649211E-02  -6.8852566861E-03
   25     -2.5401544030E-04  -4.3422896631E-04   2.3670533288E-03   3.2336835859E-02  -3.8661616633E-02
   26      3.4902938796E-03  -2.3584206619E-03  -5.2810062440E-04   1.7408167148E-02  -1.5344935465E-02
   27      3.7428764905E-04   9.2095605877E-05   1.7398857788E-03   4.7308105763E-04   2.4578394833E-04
   28     -1.8543665660E-04   1.2400513902E-02   3.0107699969E-02  -1.1327995282E-04  -9.5354599133E-05
   29     -2.6701994726E-04  -6.5524242510E-03  -1.7707167015E-02  -1.1919783829E-04  -5.7454303920E-05
   30      6.4198960608E-02   2.1478288978E-02  -1.5536099142E-02   4.7136579788E-04   1.3850533971E-04
   31      2.1478288978E-02   2.7400344164E-01  -1.5245014414E-01  -1.2970137426E-04  -4.0658883335E-05
   32     -1.5536099142E-02  -1.5245014414E-01   1.5998412335E-01  -2.6809842767E-05   3.4903912660E-05
   33      4.7136579788E-04  -1.2970137426E-04  -2.6809842767E-05   1.2446723599E-01   1.4267105937E-01
   34      1.3850533971E-04  -4.0658883335E-05   3.4903912660E-05   1.4267105937E-01   4.2631092382E-01
   35      1.7609580521E-04  -7.8113565266E-05  -4.0754602056E-05   7.2810729585E-02   1.9564708071E-01
   36     -4.8821220520E-04  -1.7613855387E-04  -3.2546920176E-04  -1.8844006593E-04   3.6983426879E-05
   37     -8.9052825993E-04  -9.9006836241E-05   5.5824115297E-05  -8.6025582948E-05   1.0814301713E-04
   38      1.3018782910E-03   7.1339403479E-04   5.8457033910E-04   1.0036366340E-04  -2.4768581237E-05
                   35                 36                 37                 38        
     0     -1.0186462487E-03   6.5913133984E-04   4.2578683218E-04  -3.1166362635E-04
     1     -2.0250281572E-04   5.8897003149E-04  -5.3842439036E-04  -4.6760986579E-04
     2     -4.4838449066E-03   1.1744554509E-04  -1.7366484307E-04  -3.3657225697E-04
     3     -6.9908658163E-05  -4.2217514236E-01  -1.8438245531E-01  -1.5609910043E-01
     4      9.0754289655E-05  -2.1334386741E-01  -1.3100160865E-01  -6.2584482910E-02
     5     -2.2568484751E-04  -1.1330725714E-01  -3.0938396135E-02  -9.2746355658E-02
     6     -2.5474671022E-04  -1.4917161953E-03   6.8958972904E-03  -4.1947429139E-03
     7     -2.7487531357E-05   7.1379066969E-03   2.6543132045E-03  -6.4066615321E-03
     8     -4.5657397407E-04  -4.9670173570E-03  -6.4776918559E-03  -1.9410714951E-03
     9     -7.1375570101E-02   3.7006296405E-04   2.5733460519E-04  -1.6547955610E-04
    10     -1.8368339540E-01   3.5797678151E-05  -1.8417225695E-04  -4.6863423905E-05
    11     -1.0333736207E-01   1.9298793240E-05  -2.4508309878E-05  -8.0423659370E-05
    12      6.1468530181E-05   2.6873450437E-04   1.9080847514E-04  -9.0134459393E-05
    13     -6.0379921421E-04   3.2842058240E-04  -1.0159484769E-04  -2.4658229344E-04
    14      6.8757999150E-03   1.2633747918E-04  -2.7930177652E-05  -1.1083496604E-04
    15     -7.3474064265E-04   3.3760278582E-03  -1.8297483323E-03  -2.1044457460E-04
    16     -1.0193060585E-03  -2.5471918888E-03   1.5418392728E-04   5.3349180834E-03
    17      4.6567756678E-04   1.1835275836E-03   5.6629063914E-03  -2.9474549761E-03
    18      2.7591375874E-04   9.9889606482E-05  -1.5087544122E-03  -4.6894046853E-04
    19      1.9449592398E-03  -2.3834816226E-04  -9.6232071762E-05   3.5403547396E-04
    20      1.6479348225E-03  -2.3441181191E-04   3.3027833738E-04   1.8522318977E-04
    21      2.3229761689E-04  -1.4523574742E-02  -4.2775103914E-02   4.3491022578E-02
    22      1.1602544250E-04  -1.4659322271E-02  -1.8949884762E-02   2.2625183746E-02
    23      6.7666183693E-04   1.4566292834E-03  -8.6714223950E-03   1.7191844481E-02
    24     -2.3482691969E-04  -4.7634957085E-04  -3.5719882016E-04   2.3494862559E-04
    25     -1.2216466894E-02  -4.2401879658E-04   2.9484442143E-04   3.1879180776E-04
    26     -1.1355645857E-02  -1.4293364531E-04  -2.8600884575E-05   2.0029679695E-04
    27      9.6490893553E-05   2.7206001199E-05   7.1997289973E-04  -4.0658172846E-06
    28      2.1496748876E-05  -6.6447939384E-05   2.8252944213E-04   1.9284808074E-04
    29     -3.3155648880E-05  -3.7439937581E-04   4.6606889528E-05   3.0968780689E-04
    30      1.7609580521E-04  -4.8821220520E-04  -8.9052825993E-04   1.3018782910E-03
    31     -7.8113565266E-05  -1.7613855387E-04  -9.9006836241E-05   7.1339403479E-04
    32     -4.0754602056E-05  -3.2546920176E-04   5.5824115297E-05   5.8457033910E-04
    33      7.2810729585E-02  -1.8844006593E-04  -8.6025582948E-05   1.0036366340E-04
    34      1.9564708071E-01   3.6983426879E-05   1.0814301713E-04  -2.4768581237E-05
    35      1.1023220086E-01   3.0863826999E-05   4.4994170732E-06   3.4746905544E-05
    36      3.0863826999E-05   4.3454238286E-01   2.2333363557E-01   1.1641687235E-01
    37      4.4994170732E-06   2.2333363557E-01   1.4747690980E-01   4.0239948415E-02
    38      3.4746905544E-05   1.1641687235E-01   4.0239948415E-02   7.9656343493E-02

$vibrational_frequencies
39
    0        0.0000000000000000
    1        0.0000000000000000
    2        0.0000000000000000
    3        0.0000000000000000
    4        0.0000000000000000
    5        0.0000000000000000
    6       41.4228625711630869
    7       60.3712379809593642
    8       96.9585099450523273
    9      143.4264963867179006
   10      242.9274134870656212
   11      398.5670951149881489
   12      423.3933993882534992
   13      439.3097052576511032
   14      562.2463772456173956
   15      596.8347827315205905
   16      660.5430731583305715
   17      676.3365530671580927
   18      710.7874603831367040
   19      788.5980823743433348
   20      817.1002820952669481
   21      936.9627984618794017
   22     1001.2584307894342146
   23     1054.5859470897667052
   24     1181.4459982439027499
   25     1278.0773056905106841
   26     1348.6635757675712739
   27     1369.5392184862575959
   28     1475.9993736877861465
   29     1531.7330673286985530
   30     1579.6079382337479728
   31     1587.7827376921316045
   32     2028.9622948806229488
   33     2058.7273698240410340
   34     2086.8417086982572073
   35     3255.3975568825635492
   36     3305.6695141620275535
   37     4002.7146680304722395
   38     4033.5590182401938364

$normal_modes
39 39
                    0                  1                  2                  3                  4        
    0      0.0000000000E+00   0.0000000000E+00   0.0000000000E+00   0.0000000000E+00   0.0000000000E+00
    1      0.0000000000E+00   0.0000000000E+00   0.0000000000E+00   0.0000000000E+00   0.0000000000E+00
    2      0.0000000000E+00   0.0000000000E+00   0.0000000000E+00   0.0000000000E+00   0.0000000000E+00
    3      0.0000000000E+00   0.0000000000E+00   0.0000000000E+00   0.0000000000E+00   0.0000000000E+00
    4      0.0000000000E+00   0.0000000000E+00   0.0000000000E+00   0.0000000000E+00   0.0000000000E+00
    5      0.0000000000E+00   0.0000000000E+00   0.0000000000E+00   0.0000000000E+00   0.0000000000E+00
    6      0.0000000000E+00   0.0000000000E+00   0.0000000000E+00   0.0000000000E+00   0.0000000000E+00
    7      0.0000000000E+00   0.0000000000E+00   0.0000000000E+00   0.0000000000E+00   0.0000000000E+00
    8      0.0000000000E+00   0.0000000000E+00   0.0000000000E+00   0.0000000000E+00   0.0000000000E+00
    9      0.0000000000E+00   0.0000000000E+00   0.0000000000E+00   0.0000000000E+00   0.0000000000E+00
   10      0.0000000000E+00   0.0000000000E+00   0.0000000000E+00   0.0000000000E+00   0.0000000000E+00
   11      0.0000000000E+00   0.0000000000E+00   0.0000000000E+00   0.0000000000E+00   0.0000000000E+00
   12      0.0000000000E+00   0.0000000000E+00   0.0000000000E+00   0.0000000000E+00   0.0000000000E+00
   13      0.0000000000E+00   0.0000000000E+00   0.0000000000E+00   0.0000000000E+00   0.0000000000E+00
   14      0.0000000000E+00   0.0000000000E+00   0.0000000000E+00   0.0000000000E+00   0.0000000000E+00
   15      0.0000000000E+00   0.0000000000E+00   0.0000000000E+00   0.0000000000E+00   0.0000000000E+00
   16      0.0000000000E+00   0.0000000000E+00   0.0000000000E+00   0.0000000000E+00   0.0000000000E+00
   17      0.0000000000E+00   0.0000000000E+00   0.0000000000E+00   0.0000000000E+00   0.0000000000E+00
   18      0.0000000000E+00   0.0000000000E+00   0.0000000000E+00   0.0000000000E+00   0.0000000000E+00
   19      0.0000000000E+00   0.0000000000E+00   0.0000000000E+00   0.0000000000E+00   0.0000000000E+00
   20      0.0000000000E+00   0.0000000000E+00   0.0000000000E+00   0.0000000000E+00   0.0000000000E+00
   21      0.0000000000E+00   0.0000000000E+00   0.0000000000E+00   0.0000000000E+00   0.0000000000E+00
   22      0.0000000000E+00   0.0000000000E+00   0.0000000000E+00   0.0000000000E+00   0.0000000000E+00
   23      0.0000000000E+00   0.0000000000E+00   0.0000000000E+00   0.0000000000E+00   0.0000000000E+00
   24      0.0000000000E+00   0.0000000000E+00   0.0000000000E+00   0.0000000000E+00   0.0000000000E+00
   25      0.0000000000E+00   0.0000000000E+00   0.0000000000E+00   0.0000000000E+00   0.0000000000E+00
   26      0.0000000000E+00   0.0000000000E+00   0.0000000000E+00   0.0000000000E+00   0.0000000000E+00
   27      0.0000000000E+00   0.0000000000E+00   0.0000000000E+00   0.0000000000E+00   0.0000000000E+00
   28      0.0000000000E+00   0.0000000000E+00   0.0000000000E+00   0.0000000000E+00   0.0000000000E+00
   29      0.0000000000E+00   0.0000000000E+00   0.0000000000E+00   0.0000000000E+00   0.0000000000E+00
   30      0.0000000000E+00   0.0000000000E+00   0.0000000000E+00   0.0000000000E+00   0.0000000000E+00
   31      0.0000000000E+00   0.0000000000E+00   0.0000000000E+00   0.0000000000E+00   0.0000000000E+00
   32      0.0000000000E+00   0.0000000000E+00   0.0000000000E+00   0.0000000000E+00   0.0000000000E+00
   33      0.0000000000E+00   0.0000000000E+00   0.0000000000E+00   0.0000000000E+00   0.0000000000E+00
   34      0.0000000000E+00   0.0000000000E+00   0.0000000000E+00   0.0000000000E+00   0.0000000000E+00
   35      0.0000000000E+00   0.0000000000E+00   0.0000000000E+00   0.0000000000E+00   0.0000000000E+00
   36      0.0000000000E+00   0.0000000000E+00   0.0000000000E+00   0.0000000000E+00   0.0000000000E+00
   37      0.0000000000E+00   0.0000000000E+00   0.0000000000E+00   0.0000000000E+00   0.0000000000E+00
   38      0.0000000000E+00   0.0000000000E+00   0.0000000000E+00   0.0000000000E+00   0.0000000000E+00
                    5                  6                  7                  8                  9        
    0      0.0000000000E+00   2.1133762279E-02  -2.0902469895E-02   3.1134408512E-02   2.2291766982E-01
    1      0.0000000000E+00   6.3156582310E-02   9.3744580126E-02  -2.0284570590E-01  -1.6122995133E-01
    2      0.0000000000E+00  -1.7972748031E-01  -1.6885994454E-01   3.3489170530E-01  -1.7437314837E-01
    3      0.0000000000E+00   2.3461328096E-01  -1.4311585264E-01   9.2045168287E-02  -2.2734771045E-01
    4      0.0000000000E+00   1.7075870464E-02   3.2151775408E-01   1.5515854179E-02   1.4056053221E-01
    5      0.0000000000E+00   7.4592582836E-02   2.8412949939E-01  -7.9505015761E-02   9.6639539335E-02
    6      0.0000000000E+00  -2.1973821452E-01   1.8536649535E-01  -1.5239568284E-01  -7.4125778827E-02
    7      0.0000000000E+00  -4.8940742550E-02  -3.8284537593E-01   1.1557396460E-01   1.5911067883E-01
    8      0.0000000000E+00   1.1865599043E-01  -1.8155471369E-01   2.3189610754E-02   8.3877201148E-02
    9      0.0000000000E+00  -1.7581030085E-02  -2.1695567782E-03   5.8300266198E-02   1.6499449308E-01
   10      0.0000000000E+00  -8.1670642852E-02   7.3793318709E-02   1.7266751568E-01   1.3343311367E-01
   11      0.0000000000E+00   1.9196494372E-01  -2.2239090483E-01  -2.9722243936E-01   1.0351471600E-01
   12      0.0000000000E+00  -2.6072627699E-02  -1.1118834361E-02  -5.7535590434E-02  -1.9347871520E-01
   13      0.0000000000E+00  -4.8224399963E-02  -1.5904323094E-01  -1.0321892510E-01   2.7324284691E-02
   14      0.0000000000E+00   1.0167416193E-01   3.2880367523E-01   2.4191368254E-01  -3.1727708891E-02
   15      0.0000000000E+00   8.3195027317E-03  -5.1629518178E-03   2.4027310499E-02   7.7878192555E-02
