
$orca_hessian_file

$act_atom
  0

$act_coord
  0

$act_energy
        0.000000

$multiplicity
  1

$hessian
42
                    0                  1                  2                  3                  4        
    0      6.1349111329E-01   7.4420626431E-02   1.5353896808E-01   9.1086942823E-03   4.1079234641E-05
    1      7.4420626431E-02   1.9495696285E-01  -1.6083770157E-01  -8.8730527359E-04  -2.1552207519E-03
    2      1.5353896808E-01  -1.6083770157E-01   3.6702894081E-01   2.7785348125E-03   8.7437219819E-03
    3      9.1086942823E-03  -8.8730527359E-04   2.7785348125E-03   3.9801544111E-01   1.9656144804E-01
    4      4.1079234641E-05  -2.1552207519E-03   8.7437219819E-03   1.9656144804E-01   2.0271252911E-01
    5      2.2013771017E-04   1.0159208580E-02  -1.5456190076E-02  -2.2058553326E-01  -2.1903586979E-01
    6      1.2800379775E-02   2.1348335206E-04   2.9065007432E-03  -9.9287994581E-02  -5.3218844147E-02
    7      1.2611068301E-02   3.0852693701E-03   1.0260393005E-02  -6.0534842945E-02   1.1939466344E-02
    8     -1.7370330727E-02   5.0908319469E-03  -1.1436291450E-02   5.5112935895E-02   1.0176482683E-02
    9     -3.7125251053E-04  -1.2667159389E-03   1.8995838111E-03  -4.9463311594E-02  -3.3543603584E-03
   10     -3.7828277520E-03   2.7648789962E-03  -1.0697564210E-03   2.0681846308E-02   1.4848422354E-02
   11      2.5387299132E-03  -1.2655626102E-03   1.7372853174E-03  -3.4652015453E-02  -6.3418655652E-03
   12     -6.6834840227E-03  -8.8889864003E-06   2.3837911257E-03  -3.9932082720E-03   1.1429768143E-03
   13     -2.2093823687E-03   8.8428659910E-04  -1.3488344818E-04   9.9139968729E-03   2.9091840885E-03
   14     -2.7608118730E-03  -4.0279102068E-04   1.2738252795E-03  -9.0663157726E-03  -1.9470514984E-03
   15     -1.8471720954E-01  -5.4991392529E-02   2.3200118285E-02   4.6336747482E-03  -1.6947229188E-02
   16     -8.7280307269E-02  -1.4889995869E-01   5.5198322481E-02  -2.9848248659E-03   6.1909496254E-03
   17      7.4463358713E-02   7.0427430502E-02  -1.4707548149E-01   1.9324547101E-03   2.3103723566E-02
   18     -4.2520730346E-02   7.9885466179E-03   8.3964424968E-03   1.9855585378E-03  -2.3244134106E-03
   19     -2.7673062764E-02   1.2778003387E-02   7.2489205085E-03   6.6387743700E-04   1.1421878057E-03
   20      2.4508389771E-02  -1.9868823576E-03  -1.4025896518E-03   2.1677901055E-03  -2.2430482424E-03
   21     -1.9581677254E-02  -1.8635403052E-02   2.5693127972E-02  -2.8782159454E-01  -1.3508668379E-01
   22     -3.0108516280E-03  -1.2288324270E-02   2.2890952034E-02  -1.4014778545E-01  -2.1595506967E-01
   23      2.3301125627E-04   8.4338206920E-03  -1.5874315782E-02   1.8083328558E-01   1.7173855790E-01
   24      3.7196284002E-03   1.9830259805E-03  -1.8675662684E-03  -2.9037473517E-03  -5.0556630747E-03
   25      1.1993539646E-02  -3.4706606193E-03  -2.5454026073E-04  -2.7656932650E-02  -8.7414381281E-03
   26      3.0358367192E-03   7.0273804863E-04  -3.8152919352E-04   2.1420486358E-02   4.5396037228E-03
   27     -1.6754432106E-02  -3.0736061119E-02  -6.9123069235E-03   1.2378577945E-03   3.5325559655E-03
   28     -2.2210778098E-02  -1.8137210731E-02  -9.6747785893E-04   6.7859965891E-04   1.2454094427E-05
   29      1.1131016507E-02   2.2231749252E-02   1.7209978091E-02   1.6239799448E-03   6.5142330328E-03
   30      2.6538567484E-03  -6.8730324538E-04  -2.1678450642E-04   1.2509886771E-03   4.8212384924E-04
   31     -3.5689469358E-03   2.0962053902E-03  -1.4722592291E-03  -3.5332182995E-04   4.6029190148E-04
   32     -1.4888759061E-04  -1.5334513501E-03   1.5546298080E-03  -1.0380318055E-03   3.3397027206E-04
   33      1.2350350241E-03  -2.0498787137E-03  -2.2397846490E-03   1.3674982131E-04  -6.1374501974E-05
   34      8.1667241724E-04   1.8849059305E-03   8.9335507820E-04  -7.7758658794E-04   9.6829267114E-04
   35      9.1003633144E-04   1.4730028829E-03   6.4120798002E-04  -7.5674652627E-04  -7.1831594247E-05
   36     -3.6992900280E-01   2.1391228033E-02  -2.0500144276E-01  -2.0684083960E-03   1.1426074837E-03
   37      4.8647942314E-02  -3.2851076883E-02   5.9424522101E-02   4.6250396321E-03   2.1020146448E-03
   38     -2.4759616471E-01   4.7444175189E-02  -1.9629793467E-01  -9.1044024490E-03  -2.8069506098E-03
   39     -2.4509189319E-03   3.2660337307E-03  -4.5563649121E-03   2.9169299761E-02   1.3150848776E-02
   40      1.2052331852E-03  -6.4806058366E-04   7.6296992706E-05   2.1271996339E-04  -1.6434064090E-02
   41     -2.7061073931E-03   6.3566415109E-05  -1.5215349732E-03   9.3417608076E-03   7.2963115807E-03
                    5                  6                  7                  8                  9        
    0      2.2013771017E-04   1.2800379775E-02   1.2611068301E-02  -1.7370330727E-02  -3.7125251053E-04
    1      1.0159208580E-02   2.1348335206E-04   3.0852693701E-03   5.0908319469E-03  -1.2667159389E-03
    2     -1.5456190076E-02   2.9065007432E-03   1.0260393005E-02  -1.1436291450E-02   1.8995838111E-03
    3     -2.2058553326E-01  -9.9287994581E-02  -6.0534842945E-02   5.5112935895E-02  -4.9463311594E-02
    4     -2.1903586979E-01  -5.3218844147E-02   1.1939466344E-02   1.0176482683E-02  -3.3543603584E-03
    5      3.5628410133E-01   4.2304685327E-02   7.2242062204E-03   3.5363154634E-02  -8.8021532652E-03
    6      4.2304685327E-02   7.9255708433E-01   1.3434481367E-01   1.0358845349E-01  -9.6949719549E-03
    7      7.2242062204E-03   1.3434481367E-01   8.6009057723E-02  -2.7357701387E-02  -4.3747592276E-03
    8      3.5363154634E-02   1.0358845349E-01  -2.7357701387E-02   1.3878761588E-01   3.2537352524E-03
    9     -8.8021532652E-03  -9.6949719549E-03  -4.3747592276E-03   3.2537352524E-03   5.4539056870E-01
   10     -3.6811396826E-03   5.0881828955E-03   3.1023373677E-03  -4.3291476601E-03  -1.4535750517E-02
   11      1.0743335123E-02  -6.8169952398E-03  -4.6313623898E-03   4.7807978179E-03   1.7697911896E-01
   12     -2.2832928392E-03  -4.3364341006E-03  -2.9746821802E-04  -2.1596384262E-03   6.7866801898E-03
   13     -1.9556621838E-03   2.1164526429E-03   1.4568437387E-03  -2.0172186702E-03   6.8610018024E-02
   14      6.0780023199E-04  -3.2346911821E-03  -1.2892274316E-03   7.2696297846E-04  -5.9217783849E-02
   15      2.8518073813E-02  -4.5219688288E-02  -1.8858027153E-03  -3.7008741602E-02   2.3002001956E-03
   16      3.0281233732E-02  -1.1427399502E-02   1.9371604653E-02   1.1508675242E-02   1.0242745099E-03
   17     -2.2134215267E-02  -1.5762296259E-02   1.6590434491E-02  -6.6842763491E-03   1.1952194514E-04
   18      5.4530615827E-04   1.9913158813E-03   5.9847160356E-04  -1.9250087622E-03   7.8474680266E-03
   19     -2.0788485498E-03   7.8205332622E-04   9.3529239571E-04   6.8796930065E-04  -2.8102616869E-02
   20     -2.5874593084E-03  -5.4994793073E-03  -2.9813105079E-03  -8.1981178452E-03   1.9665605835E-02
   21      1.7089559438E-01  -6.5784236045E-01  -9.2163440125E-02  -9.2985476061E-02   1.3990983447E-02
   22      1.6962965227E-01  -8.0225487584E-02  -1.1807783202E-01   3.4351801417E-03   1.2570279489E-02
   23     -3.3981941214E-01  -1.1550894343E-01  -2.2159659089E-03  -1.4718241507E-01  -1.5996361547E-02
   24      4.0001111616E-03   4.3941089388E-03  -7.4753355641E-04   3.3759730847E-03  -1.6071972012E-01
   25      5.4861949662E-03  -6.0228890319E-03  -4.3329172668E-03   6.2593613694E-03  -2.8508269362E-02
   26     -3.2774851618E-03   6.2350493120E-03   3.5389479217E-03  -3.1231399297E-03  -6.3826990830E-03
   27      2.2239474806E-04  -1.8891721262E-03   3.7764119787E-03  -7.5698947295E-04   1.6343086565E-05
   28     -1.0317614186E-03   2.3036683532E-03  -1.0549525673E-03  -9.5505572565E-04  -1.8432192347E-04
   29      7.0586012670E-04  -5.5361223540E-03   4.8906656879E-03  -1.6883609911E-03   2.6892255529E-04
   30     -1.1843754868E-03  -2.3160527966E-03  -7.7928778190E-04  -2.2085238132E-03  -5.5277761487E-03
   31      9.3591356859E-04   1.6807513619E-03   5.8806240113E-04   1.2818594494E-03  -5.5199251872E-03
   32      5.6237111096E-04  -1.0180491230E-04  -2.2349334431E-04   9.0842682371E-04   9.4524189460E-04
   33     -3.7235394822E-04  -1.7333021461E-04  -5.1067308299E-04  -1.9421184706E-04  -4.9340576624E-04
   34      1.4393106281E-03   2.8877983051E-05  -3.0571701315E-04   5.1850885663E-04  -7.9145577887E-04
   35      8.6031035537E-04   8.9710206410E-04  -4.1447693913E-05   9.3660005231E-04   2.2271057304E-07
   36     -3.2165287316E-03  -8.1463751358E-03   2.0237105254E-03  -3.8102429805E-03   3.9186686904E-04
   37     -1.6748145773E-03   5.8669946302E-03  -2.6978138010E-03  -6.5634016274E-03   6.5830010133E-04
   38      2.1408804533E-03  -9.4813433770E-03  -8.2832800061E-03   7.5724131938E-04  -1.1941555822E-03
   39     -1.0270248709E-02   1.7163490730E-02   7.9414637200E-03  -6.9166659264E-03  -3.5045367242E-01
   40      4.3023887964E-03  -1.5327901055E-03  -1.8701326511E-05   2.2646731859E-03   3.7767502398E-03
   41     -2.3993051410E-02   6.0146170197E-03   4.5181242380E-03  -3.9481978667E-03  -1.1153855608E-01
                   10                 11                 12                 13                 14        
    0     -3.7828277520E-03   2.5387299132E-03  -6.6834840227E-03  -2.2093823687E-03  -2.7608118730E-03
    1      2.7648789962E-03  -1.2655626102E-03  -8.8889864003E-06   8.8428659910E-04  -4.0279102068E-04
    2     -1.0697564210E-03   1.7372853174E-03   2.3837911257E-03  -1.3488344818E-04   1.2738252795E-03
    3      2.0681846308E-02  -3.4652015453E-02  -3.9932082720E-03   9.9139968729E-03  -9.0663157726E-03
    4      1.4848422354E-02  -6.3418655652E-03   1.1429768143E-03   2.9091840885E-03  -1.9470514984E-03
    5     -3.6811396826E-03   1.0743335123E-02  -2.2832928392E-03  -1.9556621838E-03   6.0780023199E-04
    6      5.0881828955E-03  -6.8169952398E-03  -4.3364341006E-03   2.1164526429E-03  -3.2346911821E-03
    7      3.1023373677E-03  -4.6313623898E-03  -2.9746821802E-04   1.4568437387E-03  -1.2892274316E-03
    8     -4.3291476601E-03   4.7807978179E-03  -2.1596384262E-03  -2.0172186702E-03   7.2696297846E-04
    9     -1.4535750517E-02   1.7697911896E-01   6.7866801898E-03   6.8610018024E-02  -5.9217783849E-02
   10      3.8259158430E-01  -2.7301181859E-01   4.9158860229E-02  -2.6289374412E-02   5.3536221938E-02
   11     -2.7301181859E-01   3.2499955931E-01  -4.4589666477E-02   5.9984119000E-02  -3.9911105489E-02
   12      4.9158860229E-02  -4.4589666477E-02   7.0890765008E-01  -1.9340449943E-01   3.6534007918E-01
   13     -2.6289374412E-02   5.9984119000E-02  -1.9340449943E-01   1.6716839821E-01  -1.6540031040E-01
   14      5.3536221938E-02  -3.9911105489E-02   3.6534007918E-01  -1.6540031040E-01   2.8547294266E-01
   15      2.3830099270E-03  -4.3427297835E-03   1.6900854005E-03  -1.6999567308E-03   1.2517389933E-03
   16     -6.6200334749E-03  -7.8949699136E-05  -8.7866072620E-03  -5.3317663862E-03  -4.6958950794E-03
   17     -2.1910928475E-03   8.7883507186E-04  -4.5550881744E-03  -2.7732284594E-03   6.4834638678E-04
   18     -2.2953154324E-03  -3.0796579673E-03  -4.6401444462E-02  -2.0444938836E-02  -1.2317915593E-02
   19     -1.4189174306E-02   1.9171655568E-02   1.1631691675E-02   2.3594889555E-02   1.2965597585E-02
   20      3.1189618289E-02   7.3522368579E-03  -3.1221670646E-02   4.0010405977E-03   1.6938796494E-02
   21     -8.5876746521E-03   9.5395415576E-03   4.5487683227E-03  -4.7881377213E-03   5.1377436690E-03
   22     -8.7326719864E-03   1.2200642823E-02   1.4022907573E-04  -3.7463089941E-03   3.3844002356E-03
   23      1.4285900680E-02  -1.8315185641E-02   3.8518571694E-03   6.9525737281E-03  -3.7663282881E-03
   24     -6.8964942010E-02   2.6801427124E-02  -6.6350484066E-01   1.5512933540E-01  -3.0100860578E-01
   25     -2.9017912764E-01   1.6415205689E-01   1.4242702203E-01  -1.6282360027E-01   9.8270638505E-02
   26      1.5019862067E-01  -1.9828453820E-01  -2.9061949961E-01   1.0176134458E-01  -2.7102997872E-01
   27     -5.5595207711E-04   2.0204772073E-04   1.4571134304E-05  -3.2394554274E-05  -1.4738621492E-04
   28      1.8296298098E-03   7.4364315188E-05   9.3675273507E-04   7.5266172703E-04   4.3490020331E-04
   29      1.2664712354E-03   5.1747839484E-04   9.2982487113E-04   4.5592312180E-04   4.2886050660E-05
   30     -6.8924342707E-03   1.3807216757E-03   1.4702532536E-03   9.5503651861E-04  -1.4446991076E-03
   31     -2.1965408827E-03   1.3878274711E-03   2.1358589301E-03   2.6682181260E-03  -3.3545961899E-03
   32      6.7765555775E-04   1.6685667282E-03   4.1698548715E-04  -2.6482943987E-03   2.4366539366E-03
   33      1.7852306873E-03   4.5534131988E-03  -6.9706729421E-03   2.4657433268E-03   4.5767454276E-03
   34      7.6319705351E-04   4.1961259314E-03  -3.1702134071E-03   1.0076089456E-03   1.5843794170E-03
   35     -5.3708619179E-04  -6.8764712661E-04  -1.6735815667E-04  -1.1657129785E-03   5.9625855762E-04
   36      1.5136816314E-04  -2.9885894243E-04   4.2487521049E-04  -5.0082857576E-05  -1.2444635934E-04
   37     -4.6773539999E-04   8.1965880081E-04   1.7472559219E-04  -1.8311706772E-04   3.1946924731E-04
   38      1.6240392796E-03  -1.6120471611E-03   6.9840496218E-04   8.5231059674E-04   1.8863743500E-05
   39      2.6364951299E-02  -1.2821531984E-01   8.0472008671E-03  -1.6561343468E-02   1.3016726004E-02
   40     -5.7225391782E-02   2.3342201266E-02  -2.0802865913E-03  -2.0679238546E-03   6.5944399530E-03
   41      3.2042420529E-02  -9.3867571009E-02   1.9748939925E-03   2.0878234435E-03   5.9440761773E-03
                   15                 16                 17                 18                 19        
    0     -1.8471720954E-01  -8.7280307269E-02   7.4463358713E-02  -4.2520730346E-02  -2.7673062764E-02
    1     -5.4991392529E-02  -1.4889995869E-01   7.0427430502E-02   7.9885466179E-03   1.2778003387E-02
    2      2.3200118285E-02   5.5198322481E-02  -1.4707548149E-01   8.3964424968E-03   7.2489205085E-03
    3      4.6336747482E-03  -2.9848248659E-03   1.9324547101E-03   1.9855585378E-03   6.6387743700E-04
    4     -1.6947229188E-02   6.1909496254E-03   2.3103723566E-02  -2.3244134106E-03   1.1421878057E-03
    5      2.8518073813E-02   3.0281233732E-02  -2.2134215267E-02   5.4530615827E-04  -2.0788485498E-03
    6     -4.5219688288E-02  -1.1427399502E-02  -1.5762296259E-02   1.9913158813E-03   7.8205332622E-04
    7     -1.8858027153E-03   1.9371604653E-02   1.6590434491E-02   5.9847160356E-04   9.3529239571E-04
    8     -3.7008741602E-02   1.1508675242E-02  -6.6842763491E-03  -1.9250087622E-03   6.8796930065E-04
    9      2.3002001956E-03   1.0242745099E-03   1.1952194514E-04   7.8474680266E-03  -2.8102616869E-02
   10      2.3830099270E-03  -6.6200334749E-03  -2.1910928475E-03  -2.2953154324E-03  -1.4189174306E-02
   11     -4.3427297835E-03  -7.8949699136E-05   8.7883507186E-04  -3.0796579673E-03   1.9171655568E-02
   12      1.6900854005E-03  -8.7866072620E-03  -4.5550881744E-03  -4.6401444462E-02   1.1631691675E-02
   13     -1.6999567308E-03  -5.3317663862E-03  -2.7732284594E-03  -2.0444938836E-02   2.3594889555E-02
   14      1.2517389933E-03  -4.6958950794E-03   6.4834638678E-04  -1.2317915593E-02   1.2965597585E-02
   15      6.1072168406E-01   5.0624323485E-02   1.6779443889E-02  -1.5206512145E-01   6.5921544319E-02
   16      5.0624323485E-02   6.1034037450E-01   2.3715848870E-02   4.9396158355E-02  -1.4265779803E-01
   17      1.6779443889E-02   2.3715848870E-02   5.7802771872E-01   1.2510316252E-02  -1.0669819252E-02
   18     -1.5206512145E-01   4.9396158355E-02   1.2510316252E-02   5.4666646543E-01   6.7898753840E-03
   19      6.5921544319E-02  -1.4265779803E-01  -1.0669819252E-02   6.7898753840E-03   6.0603419039E-01
   20      4.3255893080E-03  -2.8066038153E-03  -9.5477536696E-02   2.4991622885E-02  -4.3050628417E-02
   21     -9.7939358356E-02   2.5294494657E-02  -4.0910113268E-02  -1.5143785970E-02   1.0134799046E-02
   22      1.2869865905E-02  -1.1681249968E-01   7.3511359576E-03   1.0240002705E-02  -7.7559689904E-03
   23     -2.1496009719E-02   1.8709329171E-02  -1.6401483327E-01   4.8407270825E-04  -9.2807564894E-04
   24     -2.5912932684E-02  -9.8466357408E-03   4.7668953376E-03  -1.8480335390E-01  -5.2819676158E-02
   25      1.1220910667E-02   2.8109464678E-02   3.0969113879E-03  -4.3077130619E-02  -1.4621789939E-01
   26      1.8700785608E-03   5.2571478832E-03  -5.0681749310E-03   1.5125383045E-02   2.4056157469E-03
   27     -7.0381716934E-02  -4.0123217830E-02  -3.7804564373E-02   5.2376598548E-03   2.5144768136E-02
   28     -3.7954675240E-02  -2.1663812218E-01  -1.1879072538E-01  -2.0094542474E-03  -1.5357873311E-02
   29     -3.6440360062E-02  -1.2621462964E-01  -1.6059471054E-01  -6.2062408877E-04  -3.3929704331E-03
   30     -6.2512651900E-03   2.0361564748E-02  -2.5909169297E-02  -6.0307317572E-02   2.2418976599E-02
   31      2.7538058022E-03  -1.3557673488E-02   1.9883171752E-02   1.9004925505E-02  -1.6622192847E-01
   32      1.9458175784E-03  -3.9147855437E-03   5.6929036764E-03  -2.3253074136E-02   1.4263101928E-01
   33      4.8114414965E-03   2.1748113708E-02   2.5612911484E-02  -6.1474724609E-02  -2.8317561100E-02
   34     -2.7199284648E-03  -1.5678149939E-02  -1.7270250186E-02  -2.3686837205E-02  -1.4990237016E-01
   35     -1.6364886763E-03  -2.7050745651E-03  -1.3540192534E-03  -2.7295312731E-02  -1.2858992849E-01
   36     -4.5044413559E-02  -5.8583334471E-03  -1.2468147738E-02  -3.0517296007E-03  -2.8619560033E-03
   37     -2.6868230243E-02   1.2389082066E-03  -1.4488738050E-02   8.0515495630E-04  -1.0061779867E-03
   38      1.7721467124E-02  -6.4305688600E-03   1.8691549134E-02   5.0608107617E-03   3.3349498696E-03
   39      3.3746201021E-03  -2.1394307344E-03   1.2235890091E-03   2.0397401791E-03  -3.7176281886E-03
   40     -2.7084178072E-03   9.4470021090E-04   2.0147921594E-03  -9.8013021625E-04  -1.1753728878E-03
   41      5.3128900624E-03   2.1763553201E-03  -1.5361051898E-03   1.3821138991E-03   2.6782379648E-04
                   20                 21                 22                 23                 24        
    0      2.4508389771E-02  -1.9581677254E-02  -3.0108516280E-03   2.3301125627E-04   3.7196284002E-03
    1     -1.9868823576E-03  -1.8635403052E-02  -1.2288324270E-02   8.4338206920E-03   1.9830259805E-03
    2     -1.4025896518E-03   2.5693127972E-02   2.2890952034E-02  -1.5874315782E-02  -1.8675662684E-03
    3      2.1677901055E-03  -2.8782159454E-01  -1.4014778545E-01   1.8083328558E-01  -2.9037473517E-03
    4     -2.2430482424E-03  -1.3508668379E-01  -2.1595506967E-01   1.7173855790E-01  -5.0556630747E-03
    5     -2.5874593084E-03   1.7089559438E-01   1.6962965227E-01  -3.3981941214E-01   4.0001111616E-03
    6     -5.4994793073E-03  -6.5784236045E-01  -8.0225487584E-02  -1.1550894343E-01   4.3941089388E-03
    7     -2.9813105079E-03  -9.2163440125E-02  -1.1807783202E-01  -2.2159659089E-03  -7.4753355641E-04
    8     -8.1981178452E-03  -9.2985476061E-02   3.4351801417E-03  -1.4718241507E-01   3.3759730847E-03
    9      1.9665605835E-02   1.3990983447E-02   1.2570279489E-02  -1.5996361547E-02  -1.6071972012E-01
   10      3.1189618289E-02  -8.5876746521E-03  -8.7326719864E-03   1.4285900680E-02  -6.8964942010E-02
   11      7.3522368579E-03   9.5395415576E-03   1.2200642823E-02  -1.8315185641E-02   2.6801427124E-02
   12     -3.1221670646E-02   4.5487683227E-03   1.4022907573E-04   3.8518571694E-03  -6.6350484066E-01
   13      4.0010405977E-03  -4.7881377213E-03  -3.7463089941E-03   6.9525737281E-03   1.5512933540E-01
   14      1.6938796494E-02   5.1377436690E-03   3.3844002356E-03  -3.7663282881E-03  -3.0100860578E-01
   15      4.3255893080E-03  -9.7939358356E-02   1.2869865905E-02  -2.1496009719E-02  -2.5912932684E-02
   16     -2.8066038153E-03   2.5294494657E-02  -1.1681249968E-01   1.8709329171E-02  -9.8466357408E-03
   17     -9.5477536696E-02  -4.0910113268E-02   7.3511359576E-03  -1.6401483327E-01   4.7668953376E-03
   18      2.4991622885E-02  -1.5143785970E-02   1.0240002705E-02   4.8407270825E-04  -1.8480335390E-01
   19     -4.3050628417E-02   1.0134799046E-02  -7.7559689904E-03  -9.2807564894E-04  -5.2819676158E-02
   20      6.7130371797E-01  -2.4406617154E-02   1.8092319617E-02   1.7605646030E-02   1.9913648048E-02
   21     -2.4406617154E-02   1.0933456454E+00   2.2458648586E-01  -5.9803219787E-02  -6.1076636959E-03
   22      1.8092319617E-02   2.2458648586E-01   4.6137580607E-01  -1.9659890053E-01   3.2533614876E-03
   23      1.7605646030E-02  -5.9803219787E-02  -1.9659890053E-01   6.5935865743E-01  -7.8302063134E-03
   24      1.9913648048E-02  -6.1076636959E-03   3.2533614876E-03  -7.8302063134E-03   1.0143341246E+00
   25      4.0775962184E-03   1.4088781599E-02   1.2142083673E-02  -2.0407522520E-02  -7.0262679505E-02
   26     -1.1333092243E-01  -1.2708971735E-02  -1.0169753093E-02   1.3404327933E-02   2.8489107252E-01
   27      2.0650537284E-02  -1.7690472650E-03  -1.7204905974E-02  -8.0215346073E-03   1.8273016172E-03
   28     -1.6379662064E-02   4.4600583228E-04   1.1184381880E-02   7.1160106266E-03  -1.6059689668E-03
   29     -1.1488237710E-03  -4.6795978918E-03  -3.3153341293E-02  -1.1618047931E-02  -2.0943873823E-04
   30     -2.8741067068E-02  -2.6205020742E-03   1.8218005989E-03   6.1509275542E-03   5.3273750968E-03
   31      1.3959564851E-01   1.3390061055E-03  -1.3266303700E-03  -4.5013587334E-03   5.6908638653E-03
   32     -2.4835920280E-01   2.3998121341E-03   2.5521856187E-04  -9.8450971574E-04  -5.0459888554E-03
   33     -3.0653914687E-02   2.2036177237E-03   4.9344949903E-04   1.6232738757E-03   7.9550951473E-04
   34     -1.2818213864E-01   4.6144926589E-04   8.1613310389E-04  -2.5807081875E-03   1.7305760965E-03
   35     -2.3995055015E-01  -4.7745047459E-04   1.8104284854E-03  -1.2083328417E-03  -1.0810845045E-03
   36      9.4280552454E-04   5.6009841483E-03  -2.1818613876E-03   5.2601583782E-03  -1.2468051108E-03
   37      9.8771650364E-04  -1.3784238580E-02  -2.5657152168E-03   5.4254874717E-03   7.1264817071E-05
   38     -3.5363416892E-03   2.3953290798E-02   1.0665043260E-02  -3.9530805590E-03   9.2578912939E-05
   39      3.3522851750E-03  -3.0864009459E-02  -2.3210032198E-02   3.0232770729E-02   1.4801015325E-02
   40     -3.1694654806E-04  -3.2999948353E-03   1.7426164689E-03  -5.4306620557E-03   4.1436551416E-02
   41      7.9114699358E-04  -1.6607459797E-03  -9.7914651596E-03   1.6367829858E-02  -2.6794870684E-02
                   25                 26                 27                 28                 29        
    0      1.1993539646E-02   3.0358367192E-03  -1.6754432106E-02  -2.2210778098E-02   1.1131016507E-02
    1     -3.4706606193E-03   7.0273804863E-04  -3.0736061119E-02  -1.8137210731E-02   2.2231749252E-02
    2     -2.5454026073E-04  -3.8152919352E-04  -6.9123069235E-03  -9.6747785893E-04   1.7209978091E-02
    3     -2.7656932650E-02   2.1420486358E-02   1.2378577945E-03   6.7859965891E-04   1.6239799448E-03
    4     -8.7414381281E-03   4.5396037228E-03   3.5325559655E-03   1.2454094427E-05   6.5142330328E-03
    5      5.4861949662E-03  -3.2774851618E-03   2.2239474806E-04  -1.0317614186E-03   7.0586012670E-04
    6     -6.0228890319E-03   6.2350493120E-03  -1.8891721262E-03   2.3036683532E-03  -5.5361223540E-03
    7     -4.3329172668E-03   3.5389479217E-03   3.7764119787E-03  -1.0549525673E-03   4.8906656879E-03
    8      6.2593613694E-03  -3.1231399297E-03  -7.5698947295E-04  -9.5505572565E-04  -1.6883609911E-03
    9     -2.8508269362E-02  -6.3826990830E-03   1.6343086565E-05  -1.8432192347E-04   2.6892255529E-04
   10     -2.9017912764E-01   1.5019862067E-01  -5.5595207711E-04   1.8296298098E-03   1.2664712354E-03
   11      1.6415205689E-01  -1.9828453820E-01   2.0204772073E-04   7.4364315188E-05   5.1747839484E-04
   12      1.4242702203E-01  -2.9061949961E-01   1.4571134304E-05   9.3675273507E-04   9.2982487113E-04
   13     -1.6282360027E-01   1.0176134458E-01  -3.2394554274E-05   7.5266172703E-04   4.5592312180E-04
   14      9.8270638505E-02  -2.7102997872E-01  -1.4738621492E-04   4.3490020331E-04   4.2886050660E-05
   15      1.1220910667E-02   1.8700785608E-03  -7.0381716934E-02  -3.7954675240E-02  -3.6440360062E-02
   16      2.8109464678E-02   5.2571478832E-03  -4.0123217830E-02  -2.1663812218E-01  -1.2621462964E-01
   17      3.0969113879E-03  -5.0681749310E-03  -3.7804564373E-02  -1.1879072538E-01  -1.6059471054E-01
   18     -4.3077130619E-02   1.5125383045E-02   5.2376598548E-03  -2.0094542474E-03  -6.2062408877E-04
   19     -1.4621789939E-01   2.4056157469E-03   2.5144768136E-02  -1.5357873311E-02  -3.3929704331E-03
   20      4.0775962184E-03  -1.1333092243E-01   2.0650537284E-02  -1.6379662064E-02  -1.1488237710E-03
   21      1.4088781599E-02  -1.2708971735E-02  -1.7690472650E-03   4.4600583228E-04  -4.6795978918E-03
   22      1.2142083673E-02  -1.0169753093E-02  -1.7204905974E-02   1.1184381880E-02  -3.3153341293E-02
   23     -2.0407522520E-02   1.3404327933E-02  -8.0215346073E-03   7.1160106266E-03  -1.1618047931E-02
   24     -7.0262679505E-02   2.8489107252E-01   1.8273016172E-03  -1.6059689668E-03  -2.0943873823E-04
   25      6.1368841470E-01  -2.7546919342E-01   7.7736783969E-04  -2.1137317453E-03  -2.3798361213E-03
   26     -2.7546919342E-01   6.0505546563E-01   7.5820766945E-04  -1.5974737359E-04   5.8878808509E-04
   27      7.7736783969E-04   7.5820766945E-04   8.7950319395E-02   5.4804917107E-02   3.1531195529E-02
   28     -2.1137317453E-03  -1.5974737359E-04   5.4804917107E-02   2.4590906581E-01   1.2917474711E-01
   29     -2.3798361213E-03   5.8878808509E-04   3.1531195529E-02   1.2917474711E-01   1.5780204889E-01
   30     -2.0821132661E-02   3.0403456263E-02   5.3794074586E-04  -4.4939827141E-04   6.3491854676E-04
   31     -1.5951176779E-02   2.0218278245E-02  -2.2897915231E-04   4.9208951615E-05  -4.2027693414E-04
   32      1.4278317104E-03  -4.7981563793E-03  -6.9213308507E-04   4.7519703127E-04   2.6150783019E-04
   33     -1.8598186000E-02  -3.4333246289E-02  -5.1832117498E-03   4.0331179671E-03   1.0766111561E-03
   34     -1.0925701562E-02  -2.0515326083E-02   4.5324001191E-03  -2.0881874553E-03  -3.9191095164E-04
   35      4.7004497773E-03   4.8364004102E-03   7.8972577727E-04   1.2178348299E-04   9.2217822883E-04
   36      5.7356527174E-04   5.2583665055E-04  -4.6732587703E-04   1.0479641402E-03   8.3570363277E-04
   37      5.9893067681E-04  -9.1102611436E-04  -3.8368877302E-03  -3.9455779884E-03   2.0764230632E-03
   38     -3.3835513554E-03   2.5165599682E-04   1.3429559283E-04   1.4898585307E-03  -1.6134318973E-03
   39      3.3874152728E-02  -2.0224935426E-02  -3.7708757013E-04   1.6332355141E-04  -5.4689505243E-04
   40     -9.7826403294E-03   1.8602966601E-02   1.5022469361E-04  -4.0174629047E-04  -6.5612657685E-04
   41      1.4423385508E-02  -2.4842713117E-02   4.7375799855E-05  -6.0355201981E-04  -1.3873505631E-03
                   30                 31                 32                 33                 34        
    0      2.6538567484E-03  -3.5689469358E-03  -1.4888759061E-04   1.2350350241E-03   8.1667241724E-04
    1     -6.8730324538E-04   2.0962053902E-03  -1.5334513501E-03  -2.0498787137E-03   1.8849059305E-03
    2     -2.1678450642E-04  -1.4722592291E-03   1.5546298080E-03  -2.2397846490E-03   8.9335507820E-04
    3      1.2509886771E-03  -3.5332182995E-04  -1.0380318055E-03   1.3674982131E-04  -7.7758658794E-04
    4      4.8212384924E-04   4.6029190148E-04   3.3397027206E-04  -6.1374501974E-05   9.6829267114E-04
    5     -1.1843754868E-03   9.3591356859E-04   5.6237111096E-04  -3.7235394822E-04   1.4393106281E-03
    6     -2.3160527966E-03   1.6807513619E-03  -1.0180491230E-04  -1.7333021461E-04   2.8877983051E-05
    7     -7.7928778190E-04   5.8806240113E-04  -2.2349334431E-04  -5.1067308299E-04  -3.0571701315E-04
    8     -2.2085238132E-03   1.2818594494E-03   9.0842682371E-04  -1.9421184706E-04   5.1850885663E-04
    9     -5.5277761487E-03  -5.5199251872E-03   9.4524189460E-04  -4.9340576624E-04  -7.9145577887E-04
   10     -6.8924342707E-03  -2.1965408827E-03   6.7765555775E-04   1.7852306873E-03   7.6319705351E-04
   11      1.3807216757E-03   1.3878274711E-03   1.6685667282E-03   4.5534131988E-03   4.1961259314E-03
   12      1.4702532536E-03   2.1358589301E-03   4.1698548715E-04  -6.9706729421E-03  -3.1702134071E-03
   13      9.5503651861E-04   2.6682181260E-03  -2.6482943987E-03   2.4657433268E-03   1.0076089456E-03
   14     -1.4446991076E-03  -3.3545961899E-03   2.4366539366E-03   4.5767454276E-03   1.5843794170E-03
   15     -6.2512651900E-03   2.7538058022E-03   1.9458175784E-03   4.8114414965E-03  -2.7199284648E-03
   16      2.0361564748E-02  -1.3557673488E-02  -3.9147855437E-03   2.1748113708E-02  -1.5678149939E-02
   17     -2.5909169297E-02   1.9883171752E-02   5.6929036764E-03   2.5612911484E-02  -1.7270250186E-02
   18     -6.0307317572E-02   1.9004925505E-02  -2.3253074136E-02  -6.1474724609E-02  -2.3686837205E-02
   19      2.2418976599E-02  -1.6622192847E-01   1.4263101928E-01  -2.8317561100E-02  -1.4990237016E-01
   20     -2.8741067068E-02   1.3959564851E-01  -2.4835920280E-01  -3.0653914687E-02  -1.2818213864E-01
   21     -2.6205020742E-03   1.3390061055E-03   2.3998121341E-03   2.2036177237E-03   4.6144926589E-04
   22      1.8218005989E-03  -1.3266303700E-03   2.5521856187E-04   4.9344949903E-04   8.1613310389E-04
   23      6.1509275542E-03  -4.5013587334E-03  -9.8450971574E-04   1.6232738757E-03  -2.5807081875E-03
   24      5.3273750968E-03   5.6908638653E-03  -5.0459888554E-03   7.9550951473E-04   1.7305760965E-03
   25     -2.0821132661E-02  -1.5951176779E-02   1.4278317104E-03  -1.8598186000E-02  -1.0925701562E-02
   26      3.0403456263E-02   2.0218278245E-02  -4.7981563793E-03  -3.4333246289E-02  -2.0515326083E-02
   27      5.3794074586E-04  -2.2897915231E-04  -6.9213308507E-04  -5.1832117498E-03   4.5324001191E-03
   28     -4.4939827141E-04   4.9208951615E-05   4.7519703127E-04   4.0331179671E-03  -2.0881874553E-03
   29      6.3491854676E-04  -4.2027693414E-04   2.6150783019E-04   1.0766111561E-03  -3.9191095164E-04
   30      6.8736215368E-02  -2.0634535981E-02   2.6695087664E-02  -3.8128660699E-04   3.1373944274E-03
   31     -2.0634535981E-02   1.7633223360E-01  -1.5472631905E-01  -1.7543276025E-03   1.6450652140E-02
   32      2.6695087664E-02  -1.5472631905E-01   2.6399264517E-01  -2.1529827135E-03   1.8149113739E-02
   33     -3.8128660699E-04  -1.7543276025E-03  -2.1529827135E-03   6.5667584023E-02   2.1076804501E-02
   34      3.1373944274E-03   1.6450652140E-02   1.8149113739E-02   2.1076804501E-02   1.5812643622E-01
   35     -3.8066774182E-03  -1.8321547925E-02  -2.2782157714E-02   3.2472870847E-02   1.4375716555E-01
   36     -4.0126998112E-05  -8.4356318821E-05  -4.9845386584E-05   3.7010942822E-05   8.6176045844E-05
   37      1.8860418598E-04   4.4209687112E-05  -7.9814986531E-05   1.6348189489E-04  -2.8606282965E-05
   38     -6.2658526984E-04   6.7679406943E-04  -2.0383335329E-04   3.9479801441E-04  -4.9647797289E-04
   39     -2.5323025032E-03  -4.6308757505E-04   8.3639267245E-05  -2.1031665668E-04  -7.2443839103E-04
   40      9.0086029781E-04   5.6486779563E-04  -8.2293020911E-04  -4.7383160439E-04  -1.0884936524E-03
   41     -1.1310652767E-03  -1.1840522624E-03   5.0154878310E-05  -3.6612600246E-04  -1.1046836833E-03
                   35                 36                 37                 38                 39        
    0      9.1003633144E-04  -3.6992900280E-01   4.8647942314E-02  -2.4759616471E-01  -2.4509189319E-03
    1      1.4730028829E-03   2.1391228033E-02  -3.2851076883E-02   4.7444175189E-02   3.2660337307E-03
    2      6.4120798002E-04  -2.0500144276E-01   5.9424522101E-02  -1.9629793467E-01  -4.5563649121E-03
    3     -7.5674652627E-04  -2.0684083960E-03   4.6250396321E-03  -9.1044024490E-03   2.9169299761E-02
    4     -7.1831594247E-05   1.1426074837E-03   2.1020146448E-03  -2.8069506098E-03   1.3150848776E-02
    5      8.6031035537E-04  -3.2165287316E-03  -1.6748145773E-03   2.1408804533E-03  -1.0270248709E-02
    6      8.9710206410E-04  -8.1463751358E-03   5.8669946302E-03  -9.4813433770E-03   1.7163490730E-02
    7     -4.1447693913E-05   2.0237105254E-03  -2.6978138010E-03  -8.2832800061E-03   7.9414637200E-03
    8      9.3660005231E-04  -3.8102429805E-03  -6.5634016274E-03   7.5724131938E-04  -6.9166659264E-03
    9      2.2271057304E-07   3.9186686904E-04   6.5830010133E-04  -1.1941555822E-03  -3.5045367242E-01
   10     -5.3708619179E-04   1.5136816314E-04  -4.6773539999E-04   1.6240392796E-03   2.6364951299E-02
   11     -6.8764712661E-04  -2.9885894243E-04   8.1965880081E-04  -1.6120471611E-03  -1.2821531984E-01
   12     -1.6735815667E-04   4.2487521049E-04   1.7472559219E-04   6.9840496218E-04   8.0472008671E-03
   13     -1.1657129785E-03  -5.0082857576E-05  -1.8311706772E-04   8.5231059674E-04  -1.6561343468E-02
   14      5.9625855762E-04  -1.2444635934E-04   3.1946924731E-04   1.8863743500E-05   1.3016726004E-02
   15     -1.6364886763E-03  -4.5044413559E-02  -2.6868230243E-02   1.7721467124E-02   3.3746201021E-03
   16     -2.7050745651E-03  -5.8583334471E-03   1.2389082066E-03  -6.4305688600E-03  -2.1394307344E-03
   17     -1.3540192534E-03  -1.2468147738E-02  -1.4488738050E-02   1.8691549134E-02   1.2235890091E-03
   18     -2.7295312731E-02  -3.0517296007E-03   8.0515495630E-04   5.0608107617E-03   2.0397401791E-03
   19     -1.2858992849E-01  -2.8619560033E-03  -1.0061779867E-03   3.3349498696E-03  -3.7176281886E-03
   20     -2.3995055015E-01   9.4280552454E-04   9.8771650364E-04  -3.5363416892E-03   3.3522851750E-03
   21     -4.7745047459E-04   5.6009841483E-03  -1.3784238580E-02   2.3953290798E-02  -3.0864009459E-02
   22      1.8104284854E-03  -2.1818613876E-03  -2.5657152168E-03   1.0665043260E-02  -2.3210032198E-02
   23     -1.2083328417E-03   5.2601583782E-03   5.4254874717E-03  -3.9530805590E-03   3.0232770729E-02
   24     -1.0810845045E-03  -1.2468051108E-03   7.1264817071E-05   9.2578912939E-05   1.4801015325E-02
   25      4.7004497773E-03   5.7356527174E-04   5.9893067681E-04  -3.3835513554E-03   3.3874152728E-02
   26      4.8364004102E-03   5.2583665055E-04  -9.1102611436E-04   2.5165599682E-04  -2.0224935426E-02
   27      7.8972577727E-04  -4.6732587703E-04  -3.8368877302E-03   1.3429559283E-04  -3.7708757013E-04
   28      1.2178348299E-04   1.0479641402E-03  -3.9455779884E-03   1.4898585307E-03   1.6332355141E-04
   29      9.2217822883E-04   8.3570363277E-04   2.0764230632E-03  -1.6134318973E-03  -5.4689505243E-04
   30     -3.8066774182E-03  -4.0126998112E-05   1.8860418598E-04  -6.2658526984E-04  -2.5323025032E-03
   31     -1.8321547925E-02  -8.4356318821E-05   4.4209687112E-05   6.7679406943E-04  -4.6308757505E-04
   32     -2.2782157714E-02  -4.9845386584E-05  -7.9814986531E-05  -2.0383335329E-04   8.3639267245E-05
   33      3.2472870847E-02   3.7010942822E-05   1.6348189489E-04   3.9479801441E-04  -2.1031665668E-04
   34      1.4375716555E-01   8.6176045844E-05  -2.8606282965E-05  -4.9647797289E-04  -7.2443839103E-04
   35      2.5754151285E-01   4.2959760814E-05  -3.6272340863E-04  -3.1503725780E-04   1.1019713058E-04
   36      4.2959760814E-05   4.2378254346E-01  -1.5241690059E-02   2.1714415801E-01  -2.4309315777E-04
   37     -3.6272340863E-04  -1.5241690059E-02   3.9552427864E-02  -4.4258125272E-02  -1.4712199893E-03
   38     -3.1503725780E-04   2.1714415801E-01  -4.4258125272E-02   1.8420635492E-01   2.7982736591E-03
   39      1.1019713058E-04  -2.4309315777E-04  -1.4712199893E-03   2.7982736591E-03   3.1253603373E-01
   40     -6.3940820228E-05  -1.3758111326E-04   2.0932954661E-04  -4.2893473840E-04  -3.6471450392E-02
   41     -3.6724090405E-05   2.2246449984E-04  -7.1391513268E-04   1.4651610191E-03   1.1990715211E-01
                   40                 41        
     0      1.2052331852E-03  -2.7061073931E-03
     1     -6.4806058366E-04   6.3566415109E-05
     2      7.6296992706E-05  -1.5215349732E-03
     3      2.1271996339E-04   9.3417608076E-03
     4     -1.6434064090E-02   7.2963115807E-03
     5      4.3023887964E-03  -2.3993051410E-02
     6     -1.5327901055E-03   6.0146170197E-03
     7     -1.8701326511E-05   4.5181242380E-03
     8      2.2646731859E-03  -3.9481978667E-03
     9      3.7767502398E-03  -1.1153855608E-01
    10     -5.7225391782E-02   3.2042420529E-02
    11      2.3342201266E-02  -9.3867571009E-02
    12     -2.0802865913E-03   1.9748939925E-03
    13     -2.0679238546E-03   2.0878234435E-03
    14      6.5944399530E-03   5.9440761773E-03
    15     -2.7084178072E-03   5.3128900624E-03
    16      9.4470021090E-04   2.1763553201E-03
    17      2.0147921594E-03  -1.5361051898E-03
    18     -9.8013021625E-04   1.3821138991E-03
    19     -1.1753728878E-03   2.6782379648E-04
    20     -3.1694654806E-04   7.9114699358E-04
    21     -3.2999948353E-03  -1.6607459797E-03
    22      1.7426164689E-03  -9.7914651596E-03
    23     -5.4306620557E-03   1.6367829858E-02
    24      4.1436551416E-02  -2.6794870684E-02
    25     -9.7826403294E-03   1.4423385508E-02
    26      1.8602966601E-02  -2.4842713117E-02
    27      1.5022469361E-04   4.7375799855E-05
    28     -4.0174629047E-04  -6.0355201981E-04
    29     -6.5612657685E-04  -1.3873505631E-03
    30      9.0086029781E-04  -1.1310652767E-03
    31      5.6486779563E-04  -1.1840522624E-03
    32     -8.2293020911E-04   5.0154878310E-05
    33     -4.7383160439E-04  -3.6612600246E-04
    34     -1.0884936524E-03  -1.1046836833E-03
    35     -6.3940820228E-05  -3.6724090405E-05
    36     -1.3758111326E-04   2.2246449984E-04
    37      2.0932954661E-04  -7.1391513268E-04
    38     -4.2893473840E-04   1.4651610191E-03
    39     -3.6471450392E-02   1.1990715211E-01
    40      8.5380880775E-02  -4.9478180289E-02
    41     -4.9478180289E-02   1.2651487929E-01

$vibrational_frequencies
42
    0        0.0000000000000000
    1        0.0000000000000000
    2        0.0000000000000000
    3        0.0000000000000000
    4        0.0000000000000000
    5        0.0000000000000000
    6       64.9025980557927511
    7       99.1262310201534973
    8      142.5026878987763723
    9      264.8410178621748514
   10      279.8113074893158796
   11      384.9489237938108772
   12      394.0559595850629648
   13      476.3827837272830266
   14      582.4375092097727702
   15      625.8936783631946810
   16      655.3466168809744659
   17      714.6651161274672859
   18      797.5380138916661963
   19      866.2401558988048009
   20      949.6733086569241777
   21      993.6981483517386096
   22     1086.7764103193487699
   23     1101.3380623657160413
   24     1169.6494602870393464
   25     1235.1269390518023101
   26     1294.6332161880263811
   27     1405.6270407005536072
   28     1429.7139634751981703
   29     1465.7008926269206768
   30     1523.0958875523413099
   31     1544.5995794304224091
   32     1617.8395048578258866
   33     1625.2776067785891883
   34     1690.7536373481921146
   35     1893.4293421403890534
   36     2009.8072349127103280
   37     3157.1921633833935630
   38     3204.2602894911333351
   39     3278.6234311439293378
   40     3302.1265349650821008
   41     3923.2813572549034689

$normal_modes
42 42
                    0                  1                  2                  3                  4        
    0      0.0000000000E+00   0.0000000000E+00   0.0000000000E+00   0.0000000000E+00   0.0000000000E+00
    1      0.0000000000E+00   0.0000000000E+00   0.0000000000E+00   0.0000000000E+00   0.0000000000E+00
    2      0.0000000000E+00   0.0000000000E+00   0.0000000000E+00   0.0000000000E+00   0.0000000000E+00
    3      0.0000000000E+00   0.0000000000E+00   0.0000000000E+00   0.0000000000E+00   0.0000000000E+00
    4      0.0000000000E+00   0.0000000000E+00   0.0000000000E+00   0.0000000000E+00   0.0000000000E+00
