
$orca_hessian_file

$act_atom
  0

$act_coord
  0

$act_energy
        0.000000

$multiplicity
  1

$hessian
39
                    0                  1                  2                  3                  4        
    0      5.9846653839E-01   1.5148260293E-01   1.1748088922E-01   5.1066754842E-04   7.9727765936E-03
    1      1.5148260293E-01   2.5680135921E-01  -1.3529751617E-01   8.9842202552E-03  -1.6950546525E-03
    2      1.1748088922E-01  -1.3529751617E-01   2.7704853612E-01  -9.5512816225E-03   8.2809495311E-03
    3      5.1066754842E-04   8.9842202552E-03  -9.5512816225E-03   1.1964675430E-01   5.3797975570E-02
    4      7.9727765936E-03  -1.6950546525E-03   8.2809495311E-03   5.3797975570E-02   4.7767570281E-01
    5     -8.0968119823E-03   8.3076078028E-03  -8.8003817680E-03  -1.7040194040E-02  -3.7286631852E-01
    6     -5.2565030395E-03   2.2777155286E-03  -7.8478438716E-03   1.0838158883E-02  -6.0382357025E-02
    7      1.6853312525E-02   9.4550812965E-03   4.6227776693E-03  -6.6039984255E-02  -5.6919277785E-02
    8     -2.3226315405E-02  -2.5350340897E-03  -1.5533013484E-03   5.0523402025E-02   5.5850622583E-02
    9     -1.3975042127E-03  -2.7567192464E-03   3.0392752670E-03  -2.8220023487E-03   2.1354980166E-03
   10      8.9703499525E-04   3.0149568053E-03  -1.3963777003E-03   1.3481925184E-03  -6.8319664572E-04
   11      6.2875937614E-04  -7.0956441602E-04   1.4312514087E-03   1.1252238211E-04   2.3675692446E-04
   12     -2.1581174962E-03  -2.1182906304E-03   2.1452641333E-03  -2.1374234299E-03   2.2870603279E-03
   13     -4.3981896853E-04   1.7466791887E-03   1.0898239962E-03  -4.8220660058E-04   1.3767942279E-03
   14     -1.6218487946E-04  -2.7993100906E-04   4.1799403216E-03  -1.2631408254E-03   5.6957754317E-04
   15     -1.1273789311E-01  -1.1684829924E-02  -1.1198599131E-02   9.3982058680E-03  -3.7689127461E-03
   16     -4.7058979594E-02  -1.7002328108E-01   6.6744503414E-02   1.6112894271E-02  -8.0653644768E-03
   17      3.0503864179E-02   9.1559893140E-02  -1.6249348442E-01  -1.9551982153E-02   2.4187811414E-02
   18     -3.6582496916E-03  -2.1009856093E-03   1.0549816381E-02  -1.3822340390E-03  -1.6147290570E-03
   19     -3.0715177768E-02   1.2244751244E-03   2.6009586965E-02  -9.9495888965E-04   5.2085004638E-04
   20      2.7719385827E-02   1.8251532210E-03  -1.9715032087E-02   8.9495281212E-04   3.0482136686E-03
   21     -6.1103865631E-03  -1.6337667508E-02   1.4154248454E-02  -1.3403240880E-01  -3.1963669178E-04
   22      6.0044161169E-03  -2.1196083616E-02   2.4719658421E-02  -1.7625510643E-02  -4.1842631252E-01
   23     -9.8310653124E-03   1.5373006746E-02  -2.1671965845E-02   1.6207873974E-03   2.8587901635E-01
   24      5.2125876641E-03   3.1905887756E-03  -5.4069641929E-03   4.8511650489E-03  -2.9824238948E-03
   25     -1.4836222312E-03  -2.5317835519E-03  -7.9599997707E-04   9.6458719086E-05  -8.7394123726E-06
   26     -1.7027613457E-03   9.4694003107E-04  -4.9100645265E-03   7.7515852018E-04  -2.1060940263E-03
   27     -6.1258102060E-04  -9.6308789883E-03  -8.1268690813E-05   6.5669071020E-04   4.7649289064E-03
   28     -1.6722004447E-02  -2.9072886011E-02   3.3121815807E-03   8.8848576093E-04   1.8562919653E-03
   29      1.3706439851E-02   3.3497902979E-02   1.2749259629E-02  -9.6143065155E-05   3.8448731878E-03
   30      2.1925245242E-03  -9.1921563030E-04  -3.2021852288E-03  -2.3675959704E-04  -3.9884334743E-05
   31      3.7665657310E-04   4.2793019264E-03   9.6746861469E-04   1.4709944691E-03   3.5171074219E-04
   32     -2.0930189028E-03   2.3794272001E-03   2.3116619112E-03  -9.5707931401E-05  -2.7817287244E-04
   33     -7.3247700150E-03   3.8982698859E-04   6.4929509052E-03   2.6536320568E-04   1.6058118958E-03
   34      1.9778866925E-03   1.6573044518E-03  -2.0237404879E-04   2.0692896386E-03   5.1850829207E-05
   35      6.1921508825E-03   1.0091537594E-04  -3.1146143815E-03  -3.1580171323E-03  -1.4486648678E-03
   36     -4.6712631298E-01  -1.2077669420E-01  -1.1657313792E-01  -5.5561773504E-03  -3.4562527997E-03
   37     -8.9144756167E-02  -5.3660069089E-02   1.9439682735E-03   3.7429442541E-04   3.9647448687E-03
   38     -1.5112049521E-01  -1.5167451391E-02  -7.5461805017E-02  -3.1669516167E-03  -5.2010343855E-03
                    5                  6                  7                  8                  9        
    0     -8.0968119823E-03  -5.2565030395E-03   1.6853312525E-02  -2.3226315405E-02  -1.3975042127E-03
    1      8.3076078028E-03   2.2777155286E-03   9.4550812965E-03  -2.5350340897E-03  -2.7567192464E-03
    2     -8.8003817680E-03  -7.8478438716E-03   4.6227776693E-03  -1.5533013484E-03   3.0392752670E-03
    3     -1.7040194040E-02   1.0838158883E-02  -6.6039984255E-02   5.0523402025E-02  -2.8220023487E-03
    4     -3.7286631852E-01  -6.0382357025E-02  -5.6919277785E-02   5.5850622583E-02   2.1354980166E-03
    5      3.6757981696E-01   4.5455334418E-02   5.3013045448E-02   3.7166869031E-03  -2.6210536580E-03
    6      4.5455334418E-02   5.1048799866E-01   2.8523542323E-01  -5.7321647464E-02  -5.3709458216E-03
    7      5.3013045448E-02   2.8523542323E-01   2.9184357138E-01  -1.1111927597E-01  -1.8791214583E-03
    8      3.7166869031E-03  -5.7321647464E-02  -1.1111927597E-01   1.1583439972E-01  -1.5858771496E-03
    9     -2.6210536580E-03  -5.3709458216E-03  -1.8791214583E-03  -1.5858771496E-03   3.5589148699E-01
   10      1.6433932815E-03   3.4167543030E-03   1.3995677206E-03   9.3196472770E-04  -2.9765793713E-01
   11     -1.3930874387E-04  -1.5698423315E-04  -4.1400281023E-04  -3.0042955439E-05  -1.0527865892E-01
   12     -1.5267727878E-03  -3.7325548026E-03  -3.2816409162E-04  -6.1005900531E-04   4.5176340779E-02
   13      7.8596874727E-05   8.8923361767E-05   1.5217049754E-04  -2.9833977732E-04   2.8517226246E-02
   14      1.2842855899E-04  -1.2762983128E-03  -9.8545514595E-04   2.6372158861E-04   2.7140845228E-02
   15     -4.3572102721E-03  -4.1864136886E-02  -1.4646949391E-02  -1.8197929601E-02  -5.4016266979E-03
   16      3.4671258529E-02  -3.1755201793E-02   4.6482047314E-03   1.1666957013E-02   3.6881169127E-03
   17     -8.6692409211E-03  -9.3143436917E-04   1.8906799551E-02   9.9344710080E-03  -1.2528037999E-02
   18     -5.0238695491E-04  -3.2687207798E-03  -3.3382808764E-03  -3.2271920403E-03  -3.9927979733E-02
   19      1.1010058799E-03  -1.7626364476E-03  -1.2086167649E-03  -1.2403420855E-03   4.1727730759E-02
   20     -6.9001526859E-03  -7.6015401904E-03  -5.1816697041E-03  -4.8490067784E-03   8.8301569687E-03
   21     -1.3374345889E-02  -4.5052946192E-01  -2.1713078564E-01   4.8970062170E-02   4.8143979691E-03
   22      2.8024944982E-01  -1.9777062562E-01  -2.5117938350E-01   5.6678723380E-02   7.3924642121E-05
   23     -3.5719616660E-01   2.9873295009E-02   4.8534877456E-02  -1.2801862509E-01   6.8837456163E-03
   24      1.4195888658E-03   5.8732906613E-03   1.7967741013E-03   1.0381072376E-03  -3.4861892545E-01
   25     -1.2604313994E-03  -1.2893643715E-03   3.6402489333E-04  -1.6213592698E-05   2.2272842220E-01
   26      2.9675328961E-03   3.3584629624E-03   2.4359944168E-03   1.7987809258E-03   7.6473707806E-02
   27      2.7935673077E-03  -6.0017173342E-03   3.1817922941E-03   1.0354217762E-03   4.3215974098E-04
   28     -8.1304704897E-04   1.4555353655E-03   1.0597829342E-03  -1.8562241783E-03   5.5907919616E-04
   29      9.2214730444E-04  -4.8297832134E-03   5.6841109603E-04   3.9009010079E-04   4.2626256727E-04
   30     -6.5138840653E-04  -1.7137282641E-04  -6.9150697840E-04  -2.9977575434E-04   9.7050068778E-04
   31      8.3361411803E-04   1.5340276778E-03   1.3900999585E-03   6.5619983570E-04  -1.3413343019E-04
   32      5.6326455228E-04   9.6087733196E-04   8.1176569889E-04   2.3875967149E-04   2.3587784522E-03
   33     -2.1150946812E-03   5.7584343793E-04   1.8236596291E-03  -9.3073665033E-04  -4.3174762840E-03
   34     -1.8901962298E-03  -2.7050070294E-04   3.6738523601E-04  -6.0519540580E-04   2.4491333287E-03
   35      2.2640147556E-03   6.3238469362E-05  -1.2152697094E-03   1.2929965765E-03  -2.9645891878E-03
   36      6.1336333028E-04  -1.1579878231E-02  -4.8303043135E-03   3.8234413175E-03   5.7157438536E-04
   37     -3.0655150932E-03  -7.8355828474E-04  -1.3726105971E-03  -8.1132721828E-03   5.5551976887E-04
   38      3.5633587845E-03   2.6342200747E-04  -9.9785682502E-03   9.8106967337E-04  -1.6737653274E-04
                   10                 11                 12                 13                 14        
    0      8.9703499525E-04   6.2875937614E-04  -2.1581174962E-03  -4.3981896853E-04  -1.6218487946E-04
    1      3.0149568053E-03  -7.0956441602E-04  -2.1182906304E-03   1.7466791887E-03  -2.7993100906E-04
    2     -1.3963777003E-03   1.4312514087E-03   2.1452641333E-03   1.0898239962E-03   4.1799403216E-03
    3      1.3481925184E-03   1.1252238211E-04  -2.1374234299E-03  -4.8220660058E-04  -1.2631408254E-03
    4     -6.8319664572E-04   2.3675692446E-04   2.2870603279E-03   1.3767942279E-03   5.6957754317E-04
    5      1.6433932815E-03  -1.3930874387E-04  -1.5267727878E-03   7.8596874727E-05   1.2842855899E-04
    6      3.4167543030E-03  -1.5698423315E-04  -3.7325548026E-03   8.8923361767E-05  -1.2762983128E-03
    7      1.3995677206E-03  -4.1400281023E-04  -3.2816409162E-04   1.5217049754E-04  -9.8545514595E-04
    8      9.3196472770E-04  -3.0042955439E-05  -6.1005900531E-04  -2.9833977732E-04   2.6372158861E-04
    9     -2.9765793713E-01  -1.0527865892E-01   4.5176340779E-02   2.8517226246E-02   2.7140845228E-02
   10      4.2530929860E-01   1.8983536069E-01   3.3979818569E-02  -7.0889585409E-02  -7.1363812972E-02
   11      1.8983536069E-01   1.4562986417E-01   3.1996695881E-02  -7.5675605158E-02  -1.3176480374E-02
   12      3.3979818569E-02   3.1996695881E-02   1.4207875894E-01   6.9228306734E-02   1.0182837777E-01
   13     -7.0889585409E-02  -7.5675605158E-02   6.9228306734E-02   4.2821474687E-01   3.5260831234E-01
   14     -7.1363812972E-02  -1.3176480374E-02   1.0182837777E-01   3.5260831234E-01   3.7266409020E-01
   15      3.3460057751E-03  -3.1211293681E-03   2.2892686762E-03   2.2423679486E-03   4.1237556062E-04
   16     -1.3311269261E-03   6.5813237323E-04   1.2727759481E-03  -4.9612230020E-03  -2.3651625621E-03
   17      6.2930730894E-03  -4.8988008735E-03  -2.6335519353E-03  -3.2362556582E-03  -7.8495805283E-03
   18      2.1262632914E-02  -1.7598920647E-02  -8.4184930544E-03  -7.0288830808E-03  -2.2994085126E-02
   19     -1.6365243050E-03  -1.6158349069E-03  -2.5714658783E-02   3.9024633183E-03  -3.3075218688E-02
   20     -1.4315245872E-02   2.2507783476E-02  -3.4630099551E-02  -2.0998010419E-02  -1.0145629785E-02
   21     -3.1687947410E-03  -4.9379543481E-05   4.9040575350E-03  -3.5480685233E-05   1.6553806723E-03
   22      2.8252484948E-04   7.6672594312E-04  -2.4394023142E-03   8.7391821927E-04   1.9363130847E-03
   23     -3.7292913408E-03   1.5879296341E-03   2.1630669242E-03   1.4994978352E-03   1.9561612263E-03
   24      2.3743736553E-01   8.8921710267E-02  -1.6743755328E-01  -8.6553797688E-02  -9.9377420287E-02
   25     -3.6181821517E-01  -1.1664713011E-01  -7.2232661673E-02  -3.6622918258E-01  -2.4986346312E-01
   26     -1.1151160983E-01  -1.5772715104E-01  -8.7671452656E-02  -2.5357799538E-01  -3.4797772790E-01
   27     -1.6951478505E-03  -9.1110738000E-04  -1.2013848277E-03  -1.2781161335E-03  -9.7601958414E-04
   28      1.3788990361E-03   1.1991903902E-03  -1.9343940655E-03   3.3434733031E-03   3.0988949219E-03
   29      8.1518593426E-04   1.0231747643E-03  -1.4695336753E-03   2.8003371332E-03   1.5207308174E-03
   30      3.4668346950E-03   1.3113551473E-03  -7.9946058052E-03  -2.4091180650E-04  -7.8854433530E-03
   31      4.3655734232E-03   2.9175889182E-03  -2.0040055383E-03   1.9761576322E-03  -3.2463148671E-04
   32      3.6241332260E-03   1.8853292034E-03  -6.4789178901E-03  -7.0617520051E-05  -2.9319603100E-03
   33     -2.4751074848E-03   4.3729727305E-03  -2.0524509713E-03  -4.2002905567E-03   3.1110221642E-03
   34      1.0875828399E-03  -6.5732043417E-04  -1.2483743100E-04   3.5068091608E-04   7.0980257767E-05
   35     -8.6449460998E-04   2.0338948313E-03  -2.9434079552E-03  -4.1576780422E-03   1.6627835504E-03
   36     -1.6439189763E-04  -2.3501414075E-04   6.8415774431E-04   1.8503935767E-04  -2.1591396258E-04
   37     -4.7975482464E-04   1.0505817024E-04   1.2609482183E-04   1.4290682428E-04  -2.9879388764E-05
   38      3.8365814216E-05  -1.2744350256E-04  -1.6710431673E-04  -5.8589996348E-05  -2.9447736533E-04
                   15                 16                 17                 18                 19        
    0     -1.1273789311E-01  -4.7058979594E-02   3.0503864179E-02  -3.6582496916E-03  -3.0715177768E-02
    1     -1.1684829924E-02  -1.7002328108E-01   9.1559893140E-02  -2.1009856093E-03   1.2244751244E-03
    2     -1.1198599131E-02   6.6744503414E-02  -1.6249348442E-01   1.0549816381E-02   2.6009586965E-02
    3      9.3982058680E-03   1.6112894271E-02  -1.9551982153E-02  -1.3822340390E-03  -9.9495888965E-04
    4     -3.7689127461E-03  -8.0653644768E-03   2.4187811414E-02  -1.6147290570E-03   5.2085004638E-04
    5     -4.3572102721E-03   3.4671258529E-02  -8.6692409211E-03  -5.0238695491E-04   1.1010058799E-03
    6     -4.1864136886E-02  -3.1755201793E-02  -9.3143436917E-04  -3.2687207798E-03  -1.7626364476E-03
    7     -1.4646949391E-02   4.6482047314E-03   1.8906799551E-02  -3.3382808764E-03  -1.2086167649E-03
    8     -1.8197929601E-02   1.1666957013E-02   9.9344710080E-03  -3.2271920403E-03  -1.2403420855E-03
    9     -5.4016266979E-03   3.6881169127E-03  -1.2528037999E-02  -3.9927979733E-02   4.1727730759E-02
   10      3.3460057751E-03  -1.3311269261E-03   6.2930730894E-03   2.1262632914E-02  -1.6365243050E-03
   11     -3.1211293681E-03   6.5813237323E-04  -4.8988008735E-03  -1.7598920647E-02  -1.6158349069E-03
   12      2.2892686762E-03   1.2727759481E-03  -2.6335519353E-03  -8.4184930544E-03  -2.5714658783E-02
   13      2.2423679486E-03  -4.9612230020E-03  -3.2362556582E-03  -7.0288830808E-03   3.9024633183E-03
   14      4.1237556062E-04  -2.3651625621E-03  -7.8495805283E-03  -2.2994085126E-02  -3.3075218688E-02
   15      5.8299564774E-01   6.4957173920E-02   7.3205853148E-03  -1.7163652461E-01   3.6371648102E-02
   16      6.4957173920E-02   6.4279506608E-01   3.6414705293E-02   3.2920762947E-02  -1.0618945239E-01
   17      7.3205853148E-03   3.6414705293E-02   5.5762443250E-01   4.7352063187E-02  -3.7367187222E-02
   18     -1.7163652461E-01   3.2920762947E-02   4.7352063187E-02   5.2451021437E-01   1.1376509902E-02
   19      3.6371648102E-02  -1.0618945239E-01  -3.7367187222E-02   1.1376509902E-02   6.6658303973E-01
   20      4.0674781590E-02  -2.1112206408E-02  -1.3138250699E-01  -4.9504002245E-03   1.5861267266E-02
   21     -1.4749216968E-01   3.0492146394E-02  -4.8467482602E-02  -2.3826673978E-02   3.2483399154E-03
   22      1.4503171854E-02  -9.7722105694E-02  -1.3146075139E-02   1.5219077624E-02   4.6073249998E-04
   23     -2.4009083685E-02  -7.5881370434E-03  -1.2746034013E-01   1.9262537453E-02  -1.7198878229E-03
   24     -2.3366307533E-02   5.3822489324E-03   2.1934361769E-03  -1.5612347860E-01  -5.6825970949E-03
   25      7.8841590218E-03   1.9741514628E-03   8.1761769082E-03   9.9175187137E-05  -9.6897975653E-02
   26      2.4209083383E-02   8.2233875185E-04   2.8465199201E-02  -1.9387517112E-02   9.1904628227E-03
   27     -7.7980994156E-02  -6.3520229858E-02  -4.2814258274E-02   8.7604899221E-03   2.5661184304E-02
   28     -5.5056954226E-02  -2.3887952475E-01  -1.1803831188E-01  -1.9883288029E-03  -1.0448805164E-02
   29     -4.0664019340E-02  -1.2495239985E-01  -1.4020936157E-01  -4.1891291306E-03  -2.0767921532E-02
   30      4.9841526570E-03   2.8197274403E-02   1.2077503354E-02  -6.9174861193E-02  -4.6294639142E-02
   31     -3.5252537473E-03  -1.2520891850E-02  -1.8423349103E-03  -4.9907866592E-02  -2.8025634692E-01
   32     -4.2910568898E-03  -2.2123260920E-02  -8.2434273291E-03  -2.1679739319E-02  -9.5077033483E-02
   33      6.2764697552E-04  -2.2172993897E-02   1.8627278916E-02  -5.4901621391E-02  -5.9975329292E-03
   34     -8.7921752838E-04   6.3820253376E-03  -7.7255906581E-03  -1.5803983382E-02  -1.7526064459E-01
   35     -9.0063108422E-04   1.7866185101E-02  -1.4510303975E-02   1.7376470079E-02   1.3402980243E-01
   36     -1.9815269239E-02  -1.8517549314E-02   8.8547665713E-03  -9.5186721880E-04  -1.2243937528E-03
   37     -3.9740848332E-02  -1.6106477439E-02  -4.1885177113E-03   9.0608065248E-04  -7.9319491799E-04
   38      3.4120083155E-02   9.3029000866E-03   9.6929440287E-03  -1.3906948424E-05   4.6700606197E-03
                   20                 21                 22                 23                 24        
    0      2.7719385827E-02  -6.1103865631E-03   6.0044161169E-03  -9.8310653124E-03   5.2125876641E-03
    1      1.8251532210E-03  -1.6337667508E-02  -2.1196083616E-02   1.5373006746E-02   3.1905887756E-03
    2     -1.9715032087E-02   1.4154248454E-02   2.4719658421E-02  -2.1671965845E-02  -5.4069641929E-03
    3      8.9495281212E-04  -1.3403240880E-01  -1.7625510643E-02   1.6207873974E-03   4.8511650489E-03
    4      3.0482136686E-03  -3.1963669178E-04  -4.1842631252E-01   2.8587901635E-01  -2.9824238948E-03
    5     -6.9001526859E-03  -1.3374345889E-02   2.8024944982E-01  -3.5719616660E-01   1.4195888658E-03
    6     -7.6015401904E-03  -4.5052946192E-01  -1.9777062562E-01   2.9873295009E-02   5.8732906613E-03
    7     -5.1816697041E-03  -2.1713078564E-01  -2.5117938350E-01   4.8534877456E-02   1.7967741013E-03
    8     -4.8490067784E-03   4.8970062170E-02   5.6678723380E-02  -1.2801862509E-01   1.0381072376E-03
    9      8.8301569687E-03   4.8143979691E-03   7.3924642121E-05   6.8837456163E-03  -3.4861892545E-01
   10     -1.4315245872E-02  -3.1687947410E-03   2.8252484948E-04  -3.7292913408E-03   2.3743736553E-01
   11      2.2507783476E-02  -4.9379543481E-05   7.6672594312E-04   1.5879296341E-03   8.8921710267E-02
   12     -3.4630099551E-02   4.9040575350E-03  -2.4394023142E-03   2.1630669242E-03  -1.6743755328E-01
   13     -2.0998010419E-02  -3.5480685233E-05   8.7391821927E-04   1.4994978352E-03  -8.6553797688E-02
   14     -1.0145629785E-02   1.6553806723E-03   1.9363130847E-03   1.9561612263E-03  -9.9377420287E-02
   15      4.0674781590E-02  -1.4749216968E-01   1.4503171854E-02  -2.4009083685E-02  -2.3366307533E-02
   16     -2.1112206408E-02   3.0492146394E-02  -9.7722105694E-02  -7.5881370434E-03   5.3822489324E-03
   17     -1.3138250699E-01  -4.8467482602E-02  -1.3146075139E-02  -1.2746034013E-01   2.1934361769E-03
   18     -4.9504002245E-03  -2.3826673978E-02   1.5219077624E-02   1.9262537453E-02  -1.5612347860E-01
   19      1.5861267266E-02   3.2483399154E-03   4.6073249998E-04  -1.7198878229E-03  -5.6825970949E-03
   20      5.7455592990E-01  -4.1520978162E-03   3.6227146311E-03   2.7653733430E-02  -3.3193150585E-02
   21     -4.1520978162E-03   7.4660731787E-01   2.0664585653E-01  -5.2088496902E-03  -7.1832116752E-03
   22      3.6227146311E-03   2.0664585653E-01   7.9657684394E-01  -3.5489302462E-01  -6.8289658818E-04
   23      2.7653733430E-02  -5.2088496902E-03  -3.5489302462E-01   6.3283721010E-01  -2.8842500605E-03
   24     -3.3193150585E-02  -7.1832116752E-03  -6.8289658818E-04  -2.8842500605E-03   6.7851189363E-01
   25      9.6009791923E-03   3.0214137752E-03  -2.9800710127E-03  -1.2595068629E-03  -1.5390452904E-01
   26     -1.2252740709E-01  -7.8069306508E-04  -2.7171510396E-03  -1.1049329644E-02   4.0670068017E-02
   27      1.7318012852E-02  -4.1510125726E-03  -3.0330782845E-02  -1.6373852196E-02   1.1416022042E-03
   28     -9.8361150374E-03   3.8532986223E-04   5.0668620823E-03   6.3881646303E-03  -2.9723696612E-03
   29     -1.0055094349E-02  -5.3641419128E-04  -1.9378879805E-02  -6.2080264947E-03  -1.8443801645E-03
   30     -1.7225177228E-02   2.2412618081E-03   5.5692130505E-04   8.4955131348E-04   1.2603576482E-03
   31     -9.8788964140E-02  -2.2020206247E-03  -1.4585003704E-03  -1.6009498718E-03   6.8549598543E-03
   32     -9.9499898261E-02  -1.9132416821E-03   3.6908853682E-04  -1.0702302654E-03   2.1433319013E-03
   33      7.0263304279E-03  -1.1171098936E-03  -4.3621385476E-03   2.6403577645E-03   6.9528809984E-03
   34      1.3499740656E-01   3.5441518510E-04  -1.2076496358E-03   2.7454333690E-03  -1.1540836838E-03
   35     -2.1564433213E-01  -4.3315136080E-04   3.8631869948E-03  -2.8060073509E-03   6.6813271506E-03
   36     -7.0876447993E-04   1.5875399907E-02   1.0205518127E-02  -4.9769011232E-03  -1.0743013063E-03
   37      1.2777168031E-03  -4.9506454065E-03  -9.0907752368E-03   1.0372256260E-02  -7.3357582264E-04
   38     -3.9983866521E-03   1.0126625133E-02   1.7927814694E-02  -8.5543429745E-03  -3.6874584413E-04
                   25                 26                 27                 28                 29        
    0     -1.4836222312E-03  -1.7027613457E-03  -6.1258102060E-04  -1.6722004447E-02   1.3706439851E-02
    1     -2.5317835519E-03   9.4694003107E-04  -9.6308789883E-03  -2.9072886011E-02   3.3497902979E-02
    2     -7.9599997707E-04  -4.9100645265E-03  -8.1268690813E-05   3.3121815807E-03   1.2749259629E-02
    3      9.6458719086E-05   7.7515852018E-04   6.5669071020E-04   8.8848576093E-04  -9.6143065155E-05
    4     -8.7394123726E-06  -2.1060940263E-03   4.7649289064E-03   1.8562919653E-03   3.8448731878E-03
    5     -1.2604313994E-03   2.9675328961E-03   2.7935673077E-03  -8.1304704897E-04   9.2214730444E-04
    6     -1.2893643715E-03   3.3584629624E-03  -6.0017173342E-03   1.4555353655E-03  -4.8297832134E-03
    7      3.6402489333E-04   2.4359944168E-03   3.1817922941E-03   1.0597829342E-03   5.6841109603E-04
    8     -1.6213592698E-05   1.7987809258E-03   1.0354217762E-03  -1.8562241783E-03   3.9009010079E-04
    9      2.2272842220E-01   7.6473707806E-02   4.3215974098E-04   5.5907919616E-04   4.2626256727E-04
   10     -3.6181821517E-01  -1.1151160983E-01  -1.6951478505E-03   1.3788990361E-03   8.1518593426E-04
   11     -1.1664713011E-01  -1.5772715104E-01  -9.1110738000E-04   1.1991903902E-03   1.0231747643E-03
   12     -7.2232661673E-02  -8.7671452656E-02  -1.2013848277E-03  -1.9343940655E-03  -1.4695336753E-03
   13     -3.6622918258E-01  -2.5357799538E-01  -1.2781161335E-03   3.3434733031E-03   2.8003371332E-03
   14     -2.4986346312E-01  -3.4797772790E-01  -9.7601958414E-04   3.0988949219E-03   1.5207308174E-03
   15      7.8841590218E-03   2.4209083383E-02  -7.7980994156E-02  -5.5056954226E-02  -4.0664019340E-02
   16      1.9741514628E-03   8.2233875185E-04  -6.3520229858E-02  -2.3887952475E-01  -1.2495239985E-01
   17      8.1761769082E-03   2.8465199201E-02  -4.2814258274E-02  -1.1803831188E-01  -1.4020936157E-01
   18      9.9175187137E-05  -1.9387517112E-02   8.7604899221E-03  -1.9883288029E-03  -4.1891291306E-03
   19     -9.6897975653E-02   9.1904628227E-03   2.5661184304E-02  -1.0448805164E-02  -2.0767921532E-02
   20      9.6009791923E-03  -1.2252740709E-01   1.7318012852E-02  -9.8361150374E-03  -1.0055094349E-02
   21      3.0214137752E-03  -7.8069306508E-04  -4.1510125726E-03   3.8532986223E-04  -5.3641419128E-04
   22     -2.9800710127E-03  -2.7171510396E-03  -3.0330782845E-02   5.0668620823E-03  -1.9378879805E-02
   23     -1.2595068629E-03  -1.1049329644E-02  -1.6373852196E-02   6.3881646303E-03  -6.2080264947E-03
   24     -1.5390452904E-01   4.0670068017E-02   1.1416022042E-03  -2.9723696612E-03  -1.8443801645E-03
   25      8.3728790125E-01   3.6243653040E-01   2.7623305853E-03  -3.9022698189E-03  -2.3407245142E-03
   26      3.6243653040E-01   6.3472562573E-01   6.9848974452E-04  -3.9309443468E-03  -2.2218596731E-03
   27      2.7623305853E-03   6.9848974452E-04   8.3704990356E-02   6.9952784486E-02   3.6306741715E-02
   28     -3.9022698189E-03  -3.9309443468E-03   6.9952784486E-02   2.7338402543E-01   1.2213873223E-01
   29     -2.3407245142E-03  -2.2218596731E-03   3.6306741715E-02   1.2213873223E-01   1.4646529798E-01
   30     -3.3337098298E-02  -8.9648353143E-03  -4.8207699658E-03   1.7909060270E-03   4.0250209459E-03
   31     -3.9869406464E-03  -4.8667118146E-04   2.3746098473E-03   4.6068349098E-04  -1.0492497816E-03
   32     -2.2131514720E-02  -8.1865702815E-03   3.9145072561E-03  -2.0447225023E-03  -2.4711573280E-03
   33      2.5291630753E-02  -2.8050974014E-02   6.7369125448E-04   9.0318259403E-04  -5.4853073494E-04
   34     -1.0803481852E-03  -1.0894552031E-03  -7.6078731119E-04   4.1419218940E-04   5.3335448300E-04
   35      1.4088954488E-02  -1.3823922721E-02  -5.0108571157E-04  -9.5448684963E-04   1.3992807793E-04
   36      3.6802165808E-04   3.8060459129E-04  -6.0116431061E-04   2.7396993386E-03  -2.8559567369E-04
   37     -1.9055157828E-04  -4.0912804870E-04  -1.4826388637E-03  -4.6607246846E-03   4.2969384682E-03
   38      9.1259386935E-06   4.6689411816E-04  -4.1008470654E-04   1.3301280505E-03  -2.0451292495E-03
                   30                 31                 32                 33                 34        
    0      2.1925245242E-03   3.7665657310E-04  -2.0930189028E-03  -7.3247700150E-03   1.9778866925E-03
    1     -9.1921563030E-04   4.2793019264E-03   2.3794272001E-03   3.8982698859E-04   1.6573044518E-03
    2     -3.2021852288E-03   9.6746861469E-04   2.3116619112E-03   6.4929509052E-03  -2.0237404879E-04
    3     -2.3675959704E-04   1.4709944691E-03  -9.5707931401E-05   2.6536320568E-04   2.0692896386E-03
    4     -3.9884334743E-05   3.5171074219E-04  -2.7817287244E-04   1.6058118958E-03   5.1850829207E-05
    5     -6.5138840653E-04   8.3361411803E-04   5.6326455228E-04  -2.1150946812E-03  -1.8901962298E-03
    6     -1.7137282641E-04   1.5340276778E-03   9.6087733196E-04   5.7584343793E-04  -2.7050070294E-04
    7     -6.9150697840E-04   1.3900999585E-03   8.1176569889E-04   1.8236596291E-03   3.6738523601E-04
    8     -2.9977575434E-04   6.5619983570E-04   2.3875967149E-04  -9.3073665033E-04  -6.0519540580E-04
    9      9.7050068778E-04  -1.3413343019E-04   2.3587784522E-03  -4.3174762840E-03   2.4491333287E-03
   10      3.4668346950E-03   4.3655734232E-03   3.6241332260E-03  -2.4751074848E-03   1.0875828399E-03
   11      1.3113551473E-03   2.9175889182E-03   1.8853292034E-03   4.3729727305E-03  -6.5732043417E-04
   12     -7.9946058052E-03  -2.0040055383E-03  -6.4789178901E-03  -2.0524509713E-03  -1.2483743100E-04
   13     -2.4091180650E-04   1.9761576322E-03  -7.0617520051E-05  -4.2002905567E-03   3.5068091608E-04
   14     -7.8854433530E-03  -3.2463148671E-04  -2.9319603100E-03   3.1110221642E-03   7.0980257767E-05
   15      4.9841526570E-03  -3.5252537473E-03  -4.2910568898E-03   6.2764697552E-04  -8.7921752838E-04
   16      2.8197274403E-02  -1.2520891850E-02  -2.2123260920E-02  -2.2172993897E-02   6.3820253376E-03
   17      1.2077503354E-02  -1.8423349103E-03  -8.2434273291E-03   1.8627278916E-02  -7.7255906581E-03
   18     -6.9174861193E-02  -4.9907866592E-02  -2.1679739319E-02  -5.4901621391E-02  -1.5803983382E-02
   19     -4.6294639142E-02  -2.8025634692E-01  -9.5077033483E-02  -5.9975329292E-03  -1.7526064459E-01
   20     -1.7225177228E-02  -9.8788964140E-02  -9.9499898261E-02   7.0263304279E-03   1.3499740656E-01
   21      2.2412618081E-03  -2.2020206247E-03  -1.9132416821E-03  -1.1171098936E-03   3.5441518510E-04
   22      5.5692130505E-04  -1.4585003704E-03   3.6908853682E-04  -4.3621385476E-03  -1.2076496358E-03
   23      8.4955131348E-04  -1.6009498718E-03  -1.0702302654E-03   2.6403577645E-03   2.7454333690E-03
   24      1.2603576482E-03   6.8549598543E-03   2.1433319013E-03   6.9528809984E-03  -1.1540836838E-03
   25     -3.3337098298E-02  -3.9869406464E-03  -2.2131514720E-02   2.5291630753E-02  -1.0803481852E-03
   26     -8.9648353143E-03  -4.8667118146E-04  -8.1865702815E-03  -2.8050974014E-02  -1.0894552031E-03
   27     -4.8207699658E-03   2.3746098473E-03   3.9145072561E-03   6.7369125448E-04  -7.6078731119E-04
   28      1.7909060270E-03   4.6068349098E-04  -2.0447225023E-03   9.0318259403E-04   4.1419218940E-04
   29      4.0250209459E-03  -1.0492497816E-03  -2.4711573280E-03  -5.4853073494E-04   5.3335448300E-04
   30      7.2194071796E-02   5.0155631004E-02   2.0788739567E-02  -1.3829963582E-03  -2.8894040488E-03
   31      5.0155631004E-02   3.0645572835E-01   1.0891455507E-01  -5.1618614355E-03  -2.0831174397E-02
   32      2.0788739567E-02   1.0891455507E-01   1.0281362259E-01   6.0249682294E-03   2.6157599601E-02
   33     -1.3829963582E-03  -5.1618614355E-03   6.0249682294E-03   6.1500241863E-02   1.4682611608E-02
   34     -2.8894040488E-03  -2.0831174397E-02   2.6157599601E-02   1.4682611608E-02   1.8792151890E-01
   35     -9.0458649035E-04  -9.5853663009E-03   1.4815402105E-02  -1.8101523848E-02  -1.5176651801E-01
   36     -6.1503375499E-05   1.6782805829E-04   3.6083269867E-04   5.0075717810E-04   3.4875994286E-04
   37      2.4552668979E-04  -2.2540133244E-04  -5.3029080004E-04  -3.2608092390E-04   1.4727611571E-04
   38      8.0868626733E-05  -6.1221540279E-04  -2.2479626147E-04   1.4508994430E-03  -5.6575865433E-04
                   35                 36                 37                 38        
     0      6.1921508825E-03  -4.6712631298E-01  -8.9144756167E-02  -1.5112049521E-01
     1      1.0091537594E-04  -1.2077669420E-01  -5.3660069089E-02  -1.5167451391E-02
     2     -3.1146143815E-03  -1.1657313792E-01   1.9439682735E-03  -7.5461805017E-02
     3     -3.1580171323E-03  -5.5561773504E-03   3.7429442541E-04  -3.1669516167E-03
     4     -1.4486648678E-03  -3.4562527997E-03   3.9647448687E-03  -5.2010343855E-03
     5      2.2640147556E-03   6.1336333028E-04  -3.0655150932E-03   3.5633587845E-03
     6      6.3238469362E-05  -1.1579878231E-02  -7.8355828474E-04   2.6342200747E-04
     7     -1.2152697094E-03  -4.8303043135E-03  -1.3726105971E-03  -9.9785682502E-03
     8      1.2929965765E-03   3.8234413175E-03  -8.1132721828E-03   9.8106967337E-04
     9     -2.9645891878E-03   5.7157438536E-04   5.5551976887E-04  -1.6737653274E-04
    10     -8.6449460998E-04  -1.6439189763E-04  -4.7975482464E-04   3.8365814216E-05
    11      2.0338948313E-03  -2.3501414075E-04   1.0505817024E-04  -1.2744350256E-04
    12     -2.9434079552E-03   6.8415774431E-04   1.2609482183E-04  -1.6710431673E-04
    13     -4.1576780422E-03   1.8503935767E-04   1.4290682428E-04  -5.8589996348E-05
    14      1.6627835504E-03  -2.1591396258E-04  -2.9879388764E-05  -2.9447736533E-04
    15     -9.0063108422E-04  -1.9815269239E-02  -3.9740848332E-02   3.4120083155E-02
    16      1.7866185101E-02  -1.8517549314E-02  -1.6106477439E-02   9.3029000866E-03
    17     -1.4510303975E-02   8.8547665713E-03  -4.1885177113E-03   9.6929440287E-03
    18      1.7376470079E-02  -9.5186721880E-04   9.0608065248E-04  -1.3906948424E-05
    19      1.3402980243E-01  -1.2243937528E-03  -7.9319491799E-04   4.6700606197E-03
    20     -2.1564433213E-01  -7.0876447993E-04   1.2777168031E-03  -3.9983866521E-03
    21     -4.3315136080E-04   1.5875399907E-02  -4.9506454065E-03   1.0126625133E-02
    22      3.8631869948E-03   1.0205518127E-02  -9.0907752368E-03   1.7927814694E-02
    23     -2.8060073509E-03  -4.9769011232E-03   1.0372256260E-02  -8.5543429745E-03
    24      6.6813271506E-03  -1.0743013063E-03  -7.3357582264E-04  -3.6874584413E-04
    25      1.4088954488E-02   3.6802165808E-04  -1.9055157828E-04   9.1259386935E-06
    26     -1.3823922721E-02   3.8060459129E-04  -4.0912804870E-04   4.6689411816E-04
    27     -5.0108571157E-04  -6.0116431061E-04  -1.4826388637E-03  -4.1008470654E-04
    28     -9.5448684963E-04   2.7396993386E-03  -4.6607246846E-03   1.3301280505E-03
    29      1.3992807793E-04  -2.8559567369E-04   4.2969384682E-03  -2.0451292495E-03
    30     -9.0458649035E-04  -6.1503375499E-05   2.4552668979E-04   8.0868626733E-05
    31     -9.5853663009E-03   1.6782805829E-04  -2.2540133244E-04  -6.1221540279E-04
    32      1.4815402105E-02   3.6083269867E-04  -5.3029080004E-04  -2.2479626147E-04
    33     -1.8101523848E-02   5.0075717810E-04  -3.2608092390E-04   1.4508994430E-03
    34     -1.5176651801E-01   3.4875994286E-04   1.4727611571E-04  -5.6575865433E-04
    35      2.2924353478E-01  -4.0611446359E-04   4.1068369672E-05  -1.5533741226E-03
    36     -4.0611446359E-04   4.8913458479E-01   1.3495465362E-01   1.0937060003E-01
    37      4.1068369672E-05   1.3495465362E-01   8.2324631891E-02  -1.6975901215E-03
    38     -1.5533741226E-03   1.0937060003E-01  -1.6975901215E-03   7.7555488540E-02

$vibrational_frequencies
39
    0        0.0000000000000000
    1        0.0000000000000000
    2        0.0000000000000000
    3        0.0000000000000000
    4        0.0000000000000000
    5        0.0000000000000000
    6       54.1885318999527641
    7       69.3315250706460517
    8       94.1654676969581175
    9      171.9891144104831255
   10      244.5928680916847497
   11      397.0318825053376486
   12      408.4674654276409456
   13      502.2184966519988052
   14      588.4111302138232986
   15      628.5915225296860172
   16      661.9069287054101096
   17      737.1124380141857273
   18      789.0957653600989943
   19      871.6733488773096497
   20      979.0389268002924155
   21      996.7058983207399478
   22     1043.5544034831193585
   23     1161.7553521563440881
   24     1221.1317414632396776
   25     1316.9063956105273974
   26     1345.9745654424352779
   27     1425.7023688698893693
   28     1511.8768588885825466
   29     1546.1055865843304673
   30     1552.8152620992916582
   31     1606.5783796044368046
   32     1617.6259417347509952
   33     1862.3522306037543785
   34     1870.2086219962695850
   35     3184.6472642618532518
   36     3214.6979370016615576
   37     3234.1910519231823855
   38     3917.0667230696462866

$normal_modes
39 39
                    0                  1                  2                  3                  4        
    0      0.0000000000E+00   0.0000000000E+00   0.0000000000E+00   0.0000000000E+00   0.0000000000E+00
    1      0.0000000000E+00   0.0000000000E+00   0.0000000000E+00   0.0000000000E+00   0.0000000000E+00
    2      0.0000000000E+00   0.0000000000E+00   0.0000000000E+00   0.0000000000E+00   0.0000000000E+00
    3      0.0000000000E+00   0.0000000000E+00   0.0000000000E+00   0.0000000000E+00   0.0000000000E+00
    4      0.0000000000E+00   0.0000000000E+00   0.0000000000E+00   0.0000000000E+00   0.0000000000E+00
    5      0.0000000000E+00   0.0000000000E+00   0.0000000000E+00   0.0000000000E+00   0.0000000000E+00
    6      0.0000000000E+00   0.0000000000E+00   0.0000000000E+00   0.0000000000E+00   0.0000000000E+00
    7      0.0000000000E+00   0.0000000000E+00   0.0000000000E+00   0.0000000000E+00   0.0000000000E+00
    8      0.0000000000E+00   0.0000000000E+00   0.0000000000E+00   0.0000000000E+00   0.0000000000E+00
    9      0.0000000000E+00   0.0000000000E+00   0.0000000000E+00   0.0000000000E+00   0.0000000000E+00
   10      0.0000000000E+00   0.0000000000E+00   0.0000000000E+00   0.0000000000E+00   0.0000000000E+00
   11      0.0000000000E+00   0.0000000000E+00   0.0000000000E+00   0.0000000000E+00   0.0000000000E+00
   12      0.0000000000E+00   0.0000000000E+00   0.0000000000E+00   0.0000000000E+00   0.0000000000E+00
   13      0.0000000000E+00   0.0000000000E+00   0.0000000000E+00   0.0000000000E+00   0.0000000000E+00
   14      0.0000000000E+00   0.0000000000E+00   0.0000000000E+00   0.0000000000E+00   0.0000000000E+00
   15      0.0000000000E+00   0.0000000000E+00   0.0000000000E+00   0.0000000000E+00   0.0000000000E+00
   16      0.0000000000E+00   0.0000000000E+00   0.0000000000E+00   0.0000000000E+00   0.0000000000E+00
   17      0.0000000000E+00   0.0000000000E+00   0.0000000000E+00   0.0000000000E+00   0.0000000000E+00
   18      0.0000000000E+00   0.0000000000E+00   0.0000000000E+00   0.0000000000E+00   0.0000000000E+00
   19      0.0000000000E+00   0.0000000000E+00   0.0000000000E+00   0.0000000000E+00   0.0000000000E+00
   20      0.0000000000E+00   0.0000000000E+00   0.0000000000E+00   0.0000000000E+00   0.0000000000E+00
   21      0.0000000000E+00   0.0000000000E+00   0.0000000000E+00   0.0000000000E+00   0.0000000000E+00
   22      0.0000000000E+00   0.0000000000E+00   0.0000000000E+00   0.0000000000E+00   0.0000000000E+00
   23      0.0000000000E+00   0.0000000000E+00   0.0000000000E+00   0.0000000000E+00   0.0000000000E+00
   24      0.0000000000E+00   0.0000000000E+00   0.0000000000E+00   0.0000000000E+00   0.0000000000E+00
   25      0.0000000000E+00   0.0000000000E+00   0.0000000000E+00   0.0000000000E+00   0.0000000000E+00
   26      0.0000000000E+00   0.0000000000E+00   0.0000000000E+00   0.0000000000E+00   0.0000000000E+00
   27      0.0000000000E+00   0.0000000000E+00   0.0000000000E+00   0.0000000000E+00   0.0000000000E+00
   28      0.0000000000E+00   0.0000000000E+00   0.0000000000E+00   0.0000000000E+00   0.0000000000E+00
   29      0.0000000000E+00   0.0000000000E+00   0.0000000000E+00   0.0000000000E+00   0.0000000000E+00
   30      0.0000000000E+00   0.0000000000E+00   0.0000000000E+00   0.0000000000E+00   0.0000000000E+00
   31      0.0000000000E+00   0.0000000000E+00   0.0000000000E+00   0.0000000000E+00   0.0000000000E+00
   32      0.0000000000E+00   0.0000000000E+00   0.0000000000E+00   0.0000000000E+00   0.0000000000E+00
   33      0.0000000000E+00   0.0000000000E+00   0.0000000000E+00   0.0000000000E+00   0.0000000000E+00
   34      0.0000000000E+00   0.0000000000E+00   0.0000000000E+00   0.0000000000E+00   0.0000000000E+00
   35      0.0000000000E+00   0.0000000000E+00   0.0000000000E+00   0.0000000000E+00   0.0000000000E+00
   36      0.0000000000E+00   0.0000000000E+00   0.0000000000E+00   0.0000000000E+00   0.0000000000E+00
   37      0.0000000000E+00   0.0000000000E+00   0.0000000000E+00   0.0000000000E+00   0.0000000000E+00
   38      0.0000000000E+00   0.0000000000E+00   0.0000000000E+00   0.0000000000E+00   0.0000000000E+00
                    5                  6                  7                  8                  9        
    0      0.0000000000E+00  -7.8640600918E-02  -2.0654230010E-02  -1.9299926144E-01  -1.8005834495E-01
    1      0.0000000000E+00   2.2731665987E-03  -4.1796586228E-01  -1.2176172774E-02  -9.0324504882E-02
    2      0.0000000000E+00   3.4516201848E-02  -2.6010518610E-01   1.1589465056E-01   5.9294648091E-02
    3      0.0000000000E+00   1.5568888042E-01   1.4723764237E-01   1.3572675327E-01   1.4490155094E-01
    4      0.0000000000E+00  -2.3894699430E-01  -6.7291606661E-02   1.1251239626E-01  -1.4461069303E-01
    5      0.0000000000E+00  -2.7210038439E-01  -4.0511755576E-02   1.3251106985E-01  -1.0526616985E-01
    6      0.0000000000E+00  -1.4433554861E-01  -1.8399156252E-01   1.4806300988E-02  -2.9758662983E-02
    7      0.0000000000E+00   2.8275673242E-01   3.4466995348E-01   2.9283389768E-03  -2.0817889128E-02
    8      0.0000000000E+00   2.4184482150E-01   2.6479990845E-01  -1.6364138386E-01  -9.2375943674E-02
    9      0.0000000000E+00   2.1628982353E-01   1.2305684235E-02   1.1413049670E-01  -1.4529080819E-01
   10      0.0000000000E+00   3.2115439223E-01  -5.0388062231E-02   9.8808512851E-02  -2.3041092360E-02
   11      0.0000000000E+00  -3.2953813422E-01   2.9019998701E-01  -5.9456638561E-02  -1.5179233377E-01
   12      0.0000000000E+00  -1.4416167209E-01   3.9410046104E-04  -2.3806903691E-02   3.1607263316E-01
   13      0.0000000000E+00  -2.1129072656E-01   2.9675617336E-01   1.2781746857E-01   3.6387830080E-02
   14      0.0000000000E+00   2.8332121127E-01  -2.1642103081E-01  -1.6078726232E-01  -3.8553905463E-02
   15      0.0000000000E+00  -1.4504869939E-02  -1.1591898458E-03  -3.0647738364E-02  -1.0587866431E-01
